2 1798
145 1539
251 1162
359 886
466 678
572 537
678 467
785 468
891 537
997 666
1104 862
1210 1098
1318 1376
1424 1671
1530 1953
1637 2233
1743 2486
1849 2696
1956 2851
2062 2963
2168 3012
2276 2881
2383 2922
2489 2798
2595 2580
2701 2416
2808 2185
2914 1944
3020 1671
3127 1475
3233 1279
3341 1111
3447 993
3554 916
3660 894
3766 925
3872 1001
3979 1123
4085 1271
4191 1458
4299 1652
4405 1859
4512 2061
4618 2243
4725 2400
4831 2530
4937 2620
5043 2677
5150 2678
5256 2627
5364 2575
5470 2438
5577 2320
5683 2162
5789 1997
5896 1823
6002 1662
6108 1512
6214 1387
6322 1287
6429 1224
6535 1192
6641 1194
6748 1242
6854 1314
6960 1408
7067 1543
7173 1672
7280 1812
7387 1957
7493 2093
7600 2207
7706 2309
7812 2382
7919 2428
8025 2441
8131 2428
8238 2385
8345 2317
8451 2230
8558 2118
8664 2003
8771 1909
8877 1767
8983 1658
9090 1561
9196 1475
9303 1430
9410 1402
9516 1396
9623 1419
9729 1457
9835 1517
9942 1609
10048 1692
10154 1794
10261 1892
10368 1992
10475 2080
10581 2155
10687 2213
10794 2256
10900 2275
11006 2271
11113 2248
11219 2013
11326 2150
11433 2078
11539 1995
11646 2055
11752 1835
11858 1754
11965 1684
12071 1630
12177 1583
12285 1550
12391 1550
12498 1550
12604 1572
12710 1610
12817 1661
12923 1722
13029 1796
13136 1862
13242 1926
13349 1996
13456 2053
13562 2099
13669 2168
13775 2152
13881 2155
13988 2144
14094 2105
14200 2087
14308 2035
14414 1984
14521 2032
14627 1869
14733 1810
14840 1758
14946 1710
15052 1679
15159 1655
15265 1638
15372 1642
15479 1652
15585 1677
15692 1708
15798 1752
15904 1800
16011 1846
16117 1897
16223 1942
16331 1987
16437 2024
16544 1890
16650 2067
16756 2071
16863 2069
16969 2042
17075 2031
17182 2008
17289 1964
17396 1913
17502 1884
17608 1841
17715 1801
17821 1769
17927 1746
18034 1721
18140 1711
18246 1709
18354 1714
18460 1730
18567 1742
18673 1780
18779 1807
18886 1846
18992 1890
19098 1917
19205 1945
19312 1976
19419 1941
19525 2010
19631 2015
19738 2015
19844 1950
19950 1995
20057 1972
20163 1945
20269 2014
20377 1891
20483 1858
20590 1836
20696 1804
20802 1786
20908 1770
21015 1766
21121 1758
21227 1761
21335 1767
21441 1782
21548 1796
21654 1819
21761 1841
21867 1869
21973 1892
22079 1915
22186 1936
22293 1959
22400 1960
22506 1966
22613 1969
22719 1974
22825 1955
22932 1945
23038 1927
23144 1901
23250 1893
23358 1870
23465 1853
23571 1836
23677 1816
23784 1800
23890 1797
23996 1796
24103 1794
24209 1796
24316 1809
24423 1817
24529 1832
24636 1846
24742 1850
24848 1882
24955 1895
25061 1912
25167 1925
25275 1936
25381 1943
25488 1940
25594 1903
25700 1936
25807 1927
25913 1915
26019 1835
26126 1896
26232 1874
26339 1865
26446 1852
26552 1835
26659 1826
26765 1820
26871 1820
26978 1817
27084 1820
27190 1822
27298 1836
27404 1843
27511 1857
27617 1860
27723 1880
27830 1888
27936 1901
28042 1914
28149 1918
28255 1920
28362 1917
28469 1929
28575 1920
28682 1914
28788 1902
28894 1822
29001 1886
29107 1876
29213 1861
29321 1858
29427 1847
29534 1837
29640 1832
29746 1832
29853 1834
29959 1835
30065 1836
30172 1844
30279 1852
30386 1859
30492 1856
30598 1873
30705 1891
30811 1895
30917 1896
31024 1908
31130 1908
31236 1907
31344 1912
31450 1912
31557 1903
31663 1895
31769 1899
31876 1891
31982 1884
32088 1874
32195 1874
32302 1859
32408 1858
32515 1849
32621 1844
32728 1851
32834 1845
32940 1835
33047 1858
33153 1860
33259 1864
33367 1871
33473 1875
33580 1883
33686 1885
33792 1894
33899 1893
34005 1894
34111 1896
34218 1890
34325 1895
34432 1891
34538 1888
34644 1963
34751 1885
34857 1879
34963 1872
35070 1839
35176 1866
35284 1858
35390 1858
35496 1859
35603 1854
35709 1855
35815 1846
35922 1862
36028 1864
36134 1865
36241 1848
36348 1879
36455 1877
36561 1882
36667 1891
36774 1887
36880 1894
36986 1888
37093 1892
37199 1888
37307 1885
37413 1884
37520 1892
37626 1877
37732 1877
37838 1870
37945 1866
38051 1869
38157 1865
38264 1861
38371 1859
38478 1861
38584 1860
38691 1858
38797 1869
38903 1870
39009 1868
39116 1875
39222 1877
39330 1881
39436 1883
39543 1889
39649 1885
39755 1888
39862 1889
39968 1853
40074 1884
40180 1883
40288 1885
40395 1921
40501 1875
40607 1876
40714 1873
40820 1884
40926 1869
41033 1866
41139 1864
41245 1863
41353 1861
41459 1865
41566 1863
41672 1866
41778 1868
41885 1870
41991 1868
42097 1872
42204 1873
42311 1876
42417 1881
42524 1877
42630 1878
42737 1880
42843 1883
42949 1879
43056 1878
43162 1875
43268 1875
43375 1871
43481 1875
43588 1874
43694 1901
43800 1872
43907 1868
44013 1868
44119 1863
44226 1868
44333 1868
44439 1875
44546 1873
44652 1867
44759 1874
44865 1872
44971 1875
45078 1870
45184 1879
45291 1889
45398 1877
45504 1880
45611 1879
45717 1880
45823 1878
45930 1877
46036 1871
46142 1879
46249 1873
46356 1874
46463 1873
46569 1846
46675 1872
46782 1871
46888 1858
46994 1856
47101 1869
47207 1874
47315 1875
47421 1872
47527 1871
47634 1876
47740 1876
47846 1877
47953 1876
48059 1877
48165 1886
48273 1879
48379 1881
48486 1880
48592 1877
48699 1875
48805 1875
48911 1875
49018 1871
49124 1867
49230 1867
49338 1867
49444 1878
49551 1867
49657 1865
49763 1871
49870 1862
49976 1868
50082 1869
50189 1873
50296 1874
50403 1875
50509 1876
50615 1877
50722 1880
50828 1881
50934 1882
51041 1878
51147 1881
51253 1876
51361 1880
51468 1902
51574 1879
51680 1881
51786 1875
51893 1883
51999 1873
52105 1876
52212 1877
52319 1874
52426 1878
52532 1873
52639 1871
52745 1876
52851 1877
52957 1875
53064 1877
53170 1875
53278 1875
53384 1877
53491 1884
53597 1877
53703 1875
53810 1880
53916 1884
54022 1873
54128 1877
54235 1875
54342 1876
54449 1873
