2 1797
146 1458
252 1154
359 888
465 686
571 506
678 448
784 438
890 506
997 590
1103 806
1210 1030
1317 1282
1423 1559
1530 1836
1636 2105
1742 2357
1849 2569
1955 2742
2061 2866
2169 2948
2275 2941
2382 2903
2488 2814
2594 2704
2701 2514
2807 2323
2913 2114
3020 1920
3126 1700
3233 1512
3340 1345
3446 1214
3553 1116
3659 1068
3765 1053
3872 1071
3978 1151
4084 1249
4192 1379
4298 1525
4405 1684
4511 1848
4617 2004
4724 2151
4830 2279
4936 2375
5043 2448
5150 2493
5256 2499
5363 2479
5469 2431
5576 2355
5682 2261
5788 2148
5895 2041
6001 1902
6107 1780
6215 1669
6321 1629
6428 1489
6534 1439
6640 1400
6747 1397
6853 1409
6959 1449
7066 1504
7173 1586
7280 1666
7386 1759
7492 1898
7599 1944
7705 2029
7811 2101
7918 2169
8024 2203
8130 2229
8238 2236
8344 2227
8450 2195
8557 2157
8663 2097
8769 2034
8876 1969
8982 1895
9088 1826
9196 1817
9302 1702
9409 1653
9515 1624
9621 1583
9728 1601
9834 1600
9940 1625
10047 1686
10154 1702
10261 1749
10367 1803
10473 1854
10580 1929
10686 1965
10792 2015
10899 2043
11005 2069
11111 2084
11219 2079
11325 2086
11432 2069
11538 2046
11644 2006
11751 1973
11857 1932
11963 1890
12070 1840
12177 1811
12283 1778
12390 1751
12496 1730
12603 1717
12709 1710
12815 1719
12922 1665
13028 1749
13136 1769
13242 1800
13348 1830
13455 1860
13561 1893
13667 1918
13774 1950
13880 1968
13986 1990
14093 1992
14200 2002
14307 1996
14413 1988
14519 1968
14626 1958
14732 1931
14838 1909
14945 1919
15051 1864
15159 1839
15265 1821
15372 1801
15478 1789
15584 1781
15690 1784
15797 1848
15903 1782
16009 1795
16116 1812
16223 1825
16330 1842
16436 1865
16543 1907
16649 1896
16755 1912
16861 1926
16968 1945
17074 1945
17182 1946
17288 1946
17395 1964
17501 1932
17607 1923
17714 1912
17820 1928
17926 1885
18032 1873
18140 1861
18246 1803
18353 1838
18459 1835
18566 1826
18672 1812
18778 1825
18885 1839
18991 1830
19097 1837
19205 1845
19311 1856
19418 1866
19524 1880
19630 1884
19737 1896
19843 1898
19949 1907
20056 1921
20163 1915
20270 1810
20376 1911
20482 1909
20589 1904
20695 1822
20801 1884
20908 1879
21014 1873
21120 1824
21228 1857
21334 1847
21441 1845
21547 1840
21653 1840
21760 1845
21866 1846
21972 1846
22079 1850
22186 1847
22292 1842
22399 1870
22505 1873
22612 1877
22718 1879
22824 1890
22931 1894
23037 1898
23144 1892
23251 1900
23357 1902
23464 1906
23570 1889
23676 1889
23783 1885
23889 1881
23995 1856
24102 1868
24209 1869
24316 1863
24422 1857
24528 1860
24635 1856
24741 1857
24847 1851
24954 1857
25060 1858
25167 1864
25274 1872
25380 1867
25487 1872
25593 1881
25699 1904
25806 1884
25912 1887
26018 1890
26125 1893
26232 1888
26338 1890
26445 1891
26551 1889
26658 1884
26764 1881
26870 1921
26977 1881
27083 1878
27190 1874
27297 1866
27403 1868
27510 1862
27616 1867
27722 1861
27829 1860
27935 1862
28041 1863
28149 1862
28255 1861
28362 1867
28468 1876
28574 1869
28681 1874
28787 1871
28893 1862
29000 1885
29106 1883
29213 1883
29320 1824
29426 1884
29533 1884
29639 1883
29745 1857
29852 1879
29958 1875
30064 1875
30172 1873
30278 1871
30385 1869
30491 1869
30597 1869
30704 1869
30810 1868
30916 1866
31023 1871
31129 1869
31237 1870
31343 1875
31449 1875
31555 1876
31662 1876
31768 1872
31874 1881
31981 1882
32087 1881
32195 1858
32301 1884
32408 1883
32514 1885
32620 1863
32726 1882
32833 1881
32939 1874
33045 1867
33153 1878
33260 1874
33366 1867
33472 1868
33579 1873
33685 1866
33791 1865
33897 1868
34004 1869
34110 1871
34218 1868
34324 1870
34431 1872
34537 1872
34643 1872
34750 1850
34856 1877
34962 1873
35068 1880
35176 1878
35282 1881
35389 1881
35495 1821
35602 1878
35708 1882
35814 1880
35921 1939
36027 1876
36134 1876
36241 1870
36347 1870
36454 1865
36560 1870
36666 1868
36773 1865
36879 1867
36985 1866
37092 1873
37199 1868
37306 1869
37412 1874
37518 1880
37625 1877
37731 1876
37837 1876
37944 1879
38050 1880
38157 1885
38264 1887
38370 1936
38477 1878
38583 1880
38689 1884
38796 1883
38902 1874
39008 1875
39115 1879
39222 1872
39328 1876
39435 1873
39541 1851
39648 1868
39754 1869
39860 1874
39967 1854
40073 1869
40180 1870
40287 1872
40393 1869
40500 1873
40606 1876
40712 1869
40819 1878
40925 1876
41031 1875
41139 1874
41245 1917
41352 1875
41458 1873
41564 1874
41671 1833
41777 1872
41883 1875
41990 1872
42096 1856
42203 1870
42310 1870
42416 1867
42523 1867
42629 1870
42735 1871
42842 1869
42948 1869
43054 1874
43162 1873
43268 1901
43375 1870
43481 1875
43587 1873
43694 1875
43800 1877
43906 1878
44013 1878
44119 1835
44226 1876
44333 1881
44439 1877
44546 1780
44652 1874
44758 1871
44865 1876
44971 1888
45077 1873
45185 1872
45291 1863
45398 1873
45504 1869
45610 1869
45717 1876
45823 1868
45929 1873
46036 1873
46143 1875
46249 1873
46356 1876
46462 1870
46569 1935
46675 1877
46781 1880
46888 1882
46994 1901
47100 1879
47208 1873
47314 1875
47421 1875
47527 1873
47633 1872
47740 1871
47846 1869
47952 1869
48059 1869
48166 1861
48273 1864
48379 1865
48485 1869
48592 1858
48698 1871
48804 1869
48911 1871
49017 1875
49123 1876
49231 1875
49337 1880
49444 1878
49550 1874
49656 1875
49763 1877
49869 1883
49975 1880
50082 1875
50189 1882
50296 2058
50402 1876
50509 1874
50615 1876
50721 1878
50827 1876
50934 1875
51040 1874
51148 1872
51254 1873
51361 1870
51467 1878
51573 1874
51680 1873
51786 1876
51892 1877
51998 1880
52105 1876
52212 1882
52319 1809
52425 1879
52532 1881
52638 1878
52744 1954
52851 1878
52957 1876
53063 1874
53171 1769
53277 1876
53384 1869
53490 1873
53596 1874
53703 1870
53809 1871
53915 1869
54022 1870
54128 1872
54234 1873
54341 1870
54447 1863
