2 1799
145 1443
252 1146
358 867
465 637
572 465
679 354
785 320
892 357
998 373
1104 610
1211 820
1317 1077
1423 1379
1531 1674
1637 1994
1744 2299
1850 2577
1957 2827
2063 3030
2169 3184
2276 3262
2382 3300
2489 3269
2596 3176
2702 3017
2809 2816
2915 2578
3022 2295
3128 2017
3234 1726
3341 1448
3447 1181
3554 957
3661 781
3767 649
3874 620
3980 550
4087 590
4193 694
4299 834
4406 1030
4513 1262
4619 1518
4726 1784
4832 2049
4939 2308
5045 2534
5152 2752
5258 2909
5364 3025
5471 3072
5578 3095
5684 3046
5791 2950
5897 2805
6003 2623
6110 2411
6216 2172
6322 1916
6429 1679
6536 1439
6643 1224
6749 1026
6856 896
6962 792
7068 740
7175 812
7281 789
7387 890
7495 1034
7601 1208
7708 1411
7814 1632
7921 1861
8027 2094
8133 2305
8240 2504
8346 2664
8452 2797
8560 2883
8666 2924
8773 2887
8879 2863
8986 2769
9092 2638
9198 2488
9305 2278
9411 2073
9518 1860
9625 1693
9731 1450
9838 1273
9944 1123
10051 1009
10157 940
10263 905
10369 920
10477 972
10583 1067
10690 1194
10796 1359
10902 1531
11009 1725
11115 1918
11221 2116
11328 2294
11434 2447
11541 2582
11648 2683
11754 2750
11861 2772
11967 2749
12074 2753
12180 2609
12286 2486
12393 2336
12500 2165
12607 1983
12713 1802
12820 1625
12926 1462
13032 1318
13139 1197
13245 1084
13351 1060
13457 1040
13565 1065
13671 1129
13778 1211
13884 1332
13991 1471
14097 1622
14203 1793
14310 1959
14416 2127
14524 2272
14630 2404
14737 2510
14843 2589
14949 2725
15056 2640
15162 2617
15268 2562
15375 2475
15482 2361
15589 2229
15695 2073
15802 1923
15908 1768
16014 1621
16121 1481
16227 1370
16333 1275
16440 1209
16547 1180
16654 1171
16760 1199
16867 1253
16973 1332
17079 1444
17186 1570
17292 1707
17398 1827
17506 1992
17612 2129
17719 2254
17825 2355
17932 2439
18038 2497
18144 2523
18251 2527
18357 2498
18463 2441
18571 2359
18677 2259
18784 2137
18890 2013
18997 1870
19103 1742
19209 1621
19316 1506
19422 1414
19529 1340
19636 1289
19742 1268
19849 1255
19955 1300
20062 1356
20168 1434
20274 1430
20381 1643
20488 1775
20594 1885
20701 2007
20807 2121
20914 2226
21020 2318
21127 2377
21233 2417
21339 2436
21446 2429
21553 2398
21660 2342
21766 2267
21873 2178
21979 2063
22085 1964
22192 1846
22298 1712
22404 1633
22512 1539
22618 1463
22725 1405
22831 1369
22938 1354
23044 1367
23150 1400
23257 1452
23363 1520
23469 1606
23577 1705
23683 1810
23790 1915
23896 2003
24003 2112
24109 2197
24215 2266
24322 2317
24428 2349
24535 2357
24642 2346
24748 2349
24855 2259
24961 2191
25068 2110
25174 2033
25280 1921
25386 1825
25494 1731
25600 1644
25707 1568
25813 1508
25920 1464
26026 1435
26132 1430
26239 1442
26345 1457
26451 1521
26559 1584
26666 1663
26772 1753
26878 1839
26985 1925
27091 2013
27197 2091
27304 2165
27410 2220
27518 2262
27624 2294
27731 2291
27837 2274
27943 2241
28050 2195
28156 2132
28262 2059
28369 1977
28477 1892
28584 1808
28691 1727
28797 1531
28904 1596
29010 1544
29116 1513
29222 1503
29329 1493
29435 1514
29543 1549
29649 1588
29756 1650
29862 1722
29968 1798
30075 1870
30181 1950
30287 2025
30394 2088
30501 2145
30608 2189
30714 2220
30821 2244
30927 2228
31033 2207
31140 2178
31246 2130
31352 2077
31459 2010
31566 1937
31673 1857
31779 1796
31886 1729
31992 1667
32098 1624
32205 1579
32311 1555
32417 1545
32525 1554
32631 1570
32738 1599
32844 1651
32951 1698
33057 1759
33163 1826
33270 1898
33376 1961
33483 2021
33590 2074
33696 2110
33803 2150
33909 2175
34016 2182
34122 2192
34228 2155
34335 2124
34441 2080
34548 2016
34655 1971
34761 1909
34868 1848
34974 1787
35081 1731
35187 1680
35293 1642
35400 1613
35507 1593
35613 1592
35720 1592
35826 1617
35933 1652
36039 1688
36146 1728
36252 1790
36358 1848
36465 1908
36572 1960
36679 2018
36785 2060
36892 2097
36998 2163
37104 2137
37211 2139
37317 2133
37423 2103
37531 2079
37637 2040
37744 1995
37850 1940
37957 1885
38063 1833
38169 1770
38276 1736
38382 1692
38489 1665
38596 1643
38702 1631
38809 1631
38915 1638
39022 1660
39128 1688
39234 1724
39341 1769
39447 1833
39554 1871
39661 1917
39767 1962
39874 1939
39980 2044
40087 2070
40193 2089
40299 2098
40405 2096
40513 2086
40619 2072
40726 2034
40832 2002
40939 1963
41045 1906
41151 1872
41258 1828
41364 1783
41470 1757
41578 1718
41685 1690
41791 1674
41897 1618
42004 1668
42110 1678
42216 1701
42323 1726
42429 1762
42537 1798
42643 1844
42750 1885
42856 1926
42962 1966
43069 2001
43175 2028
43281 2047
43388 2060
43495 2068
43602 2067
43708 2049
43815 2032
43921 2020
44027 1974
44134 1938
44240 1901
44346 1853
44453 1827
44560 1789
44666 1758
44773 1737
44879 1714
44986 1700
45092 1698
45199 1704
45305 1717
45411 1736
45519 1758
45625 1789
45732 1821
45838 1859
45945 1897
46051 1929
46157 1959
46264 1982
46370 2005
46477 2016
46584 2030
46690 2032
46797 2014
46903 2017
47010 1995
47116 1967
47222 2013
47329 1916
47435 1886
47542 1879
47649 1822
47755 1793
47862 1769
47968 1748
48075 1733
48181 1725
48287 1727
48394 1722
48501 1748
48608 1766
48714 1781
48821 1816
48927 1843
49033 1871
49140 1897
49246 1945
49352 1956
49459 1980
49566 1996
49672 1990
49779 2010
49885 2017
49992 2005
50098 2069
50205 1982
50311 1956
50417 1935
50525 1905
50631 1879
50738 1851
50844 1812
50951 1793
51057 1779
51163 1766
51270 1752
51376 1746
51483 1755
51590 1756
51696 1629
51803 1782
51909 1804
52016 1824
52122 1809
52228 1871
52334 1903
52441 1925
52548 1949
52655 1966
52761 1976
52868 1987
52974 1991
53080 1994
53187 1992
53293 1975
53399 1955
53507 1942
53614 1917
53720 1887
53826 1873
53933 1850
54039 1827
54145 1808
54252 1789
54358 1773
54464 1768
