3 1800
145 1459
252 1125
358 799
465 500
571 228
677 91
784 68
891 92
997 105
1104 120
1210 136
1317 148
1423 166
1529 184
1636 243
1742 241
1849 270
1956 316
2062 418
2168 443
2275 535
2381 642
2487 770
2594 907
2700 1057
2807 1222
2914 1391
3020 1562
3126 1742
3233 1921
3339 2099
3445 2273
3552 2438
3658 2599
3764 2747
3872 2882
3978 3001
4084 3114
4191 3193
4297 3259
4403 3305
4510 3357
4616 3346
4722 3332
4830 3301
4936 3254
5043 3170
5149 3089
5255 2984
5361 2879
5468 2735
5574 2592
5680 2436
5787 2311
5894 2114
6001 1952
6107 1789
6213 1624
6320 1462
6426 1310
6532 1165
6638 1032
6745 913
6852 804
6959 720
7065 640
7171 582
7278 539
7384 493
7490 517
7597 535
7703 571
7810 622
7917 693
8023 777
8129 869
8236 1009
8342 1113
8448 1250
8555 1390
8661 1562
8767 1690
8875 1843
8981 2002
9087 2112
9194 2298
9300 2443
9406 2569
9513 2618
9619 2799
9725 2897
9833 2976
9939 3045
10045 3095
10152 3124
10258 3114
10364 3131
10471 3117
10577 3083
10683 3013
10791 2956
10897 2877
11003 2775
11110 2656
11216 2549
11322 2425
11429 2290
11535 2149
11641 2006
11748 1867
11855 1718
11961 1579
12068 1455
12174 1318
12280 1195
12387 1083
12493 985
12599 906
12706 829
12813 773
12919 730
13026 703
13132 693
13238 698
13345 723
13451 761
13557 811
13664 875
13770 961
13877 1052
13984 1150
14090 1269
14196 1389
14303 1516
14409 1649
14515 1778
14622 1914
14728 2042
14836 2178
14942 2299
15048 2416
15154 2523
15261 2611
15367 2717
15473 2785
15580 2858
15686 2847
15794 2940
15900 2957
16006 2968
16113 2942
16219 2931
16325 2892
16431 2839
16538 2771
16644 2696
16750 2609
16858 2508
16964 2402
17071 2288
17177 2168
17283 2045
17390 1926
17496 1806
17602 1688
17708 1574
17816 1453
17922 1342
18029 1243
18135 1163
18241 1078
18348 1010
18454 957
18560 910
18667 880
18773 868
18880 864
18987 896
19093 903
19199 946
19306 1001
19412 1060
19518 1128
19625 1214
19731 1310
19838 1411
19945 1514
20051 1627
20157 1743
20264 1853
20370 1965
20476 2076
20583 2167
20689 2285
20796 2389
20903 2481
21009 2562
21115 2626
21222 2684
21328 2738
21434 2780
21541 2793
21647 2804
21753 2805
21861 2786
21967 2762
22073 2724
22180 2676
22286 2601
22392 2540
22499 2462
22605 2379
22711 2250
22819 2184
22925 2082
23031 1980
23138 1874
23244 1769
23350 1668
23457 1573
23563 1481
23669 1391
23776 1310
23883 1229
23989 1174
24096 1120
24202 1078
24308 1059
24415 1027
24521 1024
24627 1021
24734 1047
24841 1071
24947 1111
25054 1160
25160 1341
25266 1279
25373 1358
25479 1441
25585 1572
25692 1617
25799 1715
25906 1809
26012 1928
26118 2000
26224 2095
26331 2187
26437 2255
26543 2347
26650 2420
26756 2484
26864 2539
26970 2582
27076 2622
27183 2650
27289 2661
27395 2658
27501 2654
27608 2620
27714 2604
27822 2565
27928 2523
28034 2469
28141 2398
28247 2324
28353 2250
28460 2178
28566 2083
28672 1989
28778 1904
28886 1872
28992 1729
29099 1643
29205 1566
29311 1554
29418 1420
29524 1359
29630 1301
29737 1251
29844 1216
29950 1180
30057 1165
30163 1158
30269 1157
30376 1163
30482 1190
30588 1219
30695 1254
30802 1301
30908 1365
31015 1419
31121 1490
31227 1561
31334 1623
31440 1714
31546 1792
31653 1875
31759 1951
31866 2032
31973 2114
32079 2185
32185 2260
32292 2312
32398 2366
32504 2421
32611 2448
32717 2489
32824 2517
32931 2523
33037 2552
33143 2524
33250 2516
33356 2494
33462 2458
33569 2419
33675 2374
33781 2323
33889 2261
33995 2202
34101 2133
34208 2063
34314 1984
34420 1913
34527 1826
34633 1738
34739 1692
34847 1623
34953 1558
35059 1501
35166 1447
35272 1399
35378 1354
35485 1320
35591 1294
35697 1271
35805 1268
35911 1266
36017 1280
36124 1288
36230 1312
36336 1292
36443 1383
36549 1423
36655 1475
36762 1608
36869 1595
36976 1657
37082 1723
37188 1791
37294 1861
37401 1930
37507 2013
37613 2068
37720 2128
37827 2187
37934 2235
38040 2289
38146 2333
38253 2372
38359 2411
38465 2420
38571 2433
38678 2438
38784 2448
38891 2428
38998 2412
39104 2390
39211 2314
39317 2314
39423 2271
39530 2221
39636 2175
39742 2107
39850 2049
39956 1984
40062 1917
40169 1854
40275 1796
40381 1728
40488 1670
40594 1611
40700 1560
40808 1508
40914 1471
41020 1430
41127 1403
41233 1383
41339 1358
41446 1348
41552 1347
41658 1324
41765 1367
41872 1388
41978 1416
42085 1376
42191 1482
42297 1526
42404 1577
42510 1604
42616 1679
42723 1741
42830 1802
42936 1857
43043 1921
43149 1984
43255 2059
43362 2104
43468 2149
43574 2196
43681 2243
43787 2279
43894 2309
44001 2338
44107 2339
44214 2368
44320 2374
44426 2372
44533 2401
44639 2353
44745 2343
44853 2305
44959 2269
45065 2231
45172 2187
45278 2141
45384 2097
45491 2039
45597 1983
45703 1928
45811 1891
45917 1815
46023 1760
46130 1701
46236 1656
46342 1608
46449 1565
46555 1526
46661 1617
46768 1461
46875 1438
46981 1425
47088 1413
47194 1412
47300 1414
47407 1404
47513 1437
47619 1458
47726 1485
47833 1520
47940 1554
48046 1593
48152 1641
48258 1713
48365 1741
48471 1788
48577 1840
48684 1899
48791 1946
48898 2003
49004 2052
49110 2143
49217 2141
49323 2179
49429 2214
49535 2306
49642 2273
49748 2290
49856 2306
49962 2315
50068 2315
50175 2307
50281 2296
50387 2287
50494 2263
50600 2236
50706 2202
50814 2165
50920 2126
51026 2083
51133 2037
51239 1995
51345 1942
51452 1888
51558 1869
51664 1793
51771 1748
51878 1685
51984 1631
52091 1612
52197 1578
52303 1542
52410 1540
52516 1501
52622 1476
52729 1465
52836 1459
52942 1461
53049 1465
53155 1472
53261 1474
53368 1510
53474 1537
53580 1565
53687 1601
53794 1638
53900 1680
54007 1732
54113 1768
54219 1812
54326 1860
54432 1914
