2 1798
145 1468
253 1150
359 853
466 592
572 344
679 194
785 140
891 148
998 157
1104 198
1211 229
1318 270
1424 327
1531 403
1637 498
1744 610
1850 740
1956 889
2063 1051
2169 1217
2276 1386
2383 1559
2489 1728
2596 1902
2702 2035
2809 2172
2915 2292
3021 2406
3128 2492
3235 2559
3342 2613
3448 2665
3555 2659
3661 2646
3767 2617
3874 2522
3980 2525
4086 2458
4192 2379
4300 2289
4406 2197
4513 2101
4619 2017
4726 1900
4832 1810
4938 1718
5045 1633
5151 1561
5259 1490
5365 1438
5472 1390
5578 1356
5684 1334
5791 1324
5897 1349
6003 1339
6110 1364
6217 1396
6324 1432
6430 1483
6537 1537
6643 1592
6749 1651
6856 1721
6962 1772
7068 1836
7175 1890
7282 1944
7389 1993
7495 2043
7602 2078
7708 2104
7814 2127
7921 2175
8027 2150
8133 2158
8241 2153
8347 2114
8454 2123
8560 2097
8667 2073
8773 2044
8879 2010
8986 1968
9092 1937
9198 1902
9306 1865
9412 1834
9519 1797
9625 1769
9732 1746
9838 1719
9944 1678
10051 1687
10157 1681
10264 1667
10371 1691
10477 1668
10584 1682
10690 1687
10797 1709
10903 1713
11009 1732
11116 1753
11223 1772
11329 1800
11436 1825
11542 1849
11649 1868
11755 1888
11862 1904
11968 1924
12074 1944
12181 1952
12288 1966
12395 1952
12501 1978
12608 1975
12714 1983
12820 1998
12927 1975
13033 1967
13139 1951
13247 1838
13353 1937
13460 1921
13566 1914
13673 1879
13779 1884
13885 1866
13992 1855
14098 1829
14204 1829
14312 1819
14418 1810
14525 1800
14631 1799
14737 1795
14844 1791
14950 1798
15056 1795
15163 1798
15270 1827
15376 1807
15483 1812
15589 1820
15696 1839
15802 1837
15909 1844
16015 1855
16121 1861
16229 1869
16335 1877
16442 1888
16548 1887
16655 1893
16761 1901
16867 1905
16974 1902
17080 1905
17186 1908
17294 1917
17400 1895
17507 1899
17613 1899
17720 1912
17826 1894
17932 1890
18039 1886
18145 1882
18252 1879
18359 1873
18465 1867
18572 1861
18678 1861
18785 1859
18891 1856
18997 1838
19104 1852
19211 1849
19318 1849
19424 1849
19531 1849
19637 1845
19743 1851
19850 1846
19956 1854
20062 1850
20168 1857
20276 1846
20382 1862
20489 1863
20595 1862
20702 1848
20808 1869
20914 1869
21021 1872
21127 1875
21235 1875
21341 1877
21448 1940
21554 1877
21660 1878
21767 1877
21873 1934
21979 1870
22086 1872
22192 1869
22300 1868
22406 1868
22513 1868
22619 1888
22725 1870
22832 1862
22938 1860
23044 1862
23151 1857
23258 1860
23365 1858
23471 1875
23578 1858
23684 1856
23790 1860
23897 1860
24003 1863
24109 1863
24217 1863
24323 1866
24430 1866
24536 1866
24643 1868
24749 1870
24855 1872
24962 1874
25068 1874
25174 1876
25282 1872
25388 1874
25495 1895
25601 1872
25708 1870
25814 1873
25920 1851
26027 1874
26133 1875
26240 1872
26347 1931
26453 1876
26560 1870
26666 1877
26773 1873
26879 1871
26985 1867
27092 1840
27198 1877
27305 1870
27412 1867
27518 1858
27625 1872
27731 1868
27838 1872
27944 1851
28050 1865
28157 1866
28264 1864
28371 1886
28477 1861
28584 1867
28690 1861
28796 1768
28903 1860
29009 1867
29115 1860
29223 1932
29329 1866
29436 1865
29542 1865
29649 1866
29755 1867
29861 1868
29968 1869
30074 1869
30180 1867
30288 1871
30394 1868
30501 1874
30607 1874
30714 1866
30820 1894
30926 1874
31033 1876
31139 1873
31246 1897
31353 1878
31459 1882
31566 1878
31672 1869
31779 1879
31885 1882
31991 1877
32097 1808
32204 1880
32312 1880
32418 1877
32524 1877
32631 1879
32737 1884
32843 1894
32950 1880
33056 1879
33162 1876
33270 1874
33376 1876
33483 1878
33589 1874
33696 1890
33802 1873
33908 1872
34015 1869
34121 1854
34228 1875
34335 1870
34441 1867
34548 1906
34654 1870
34761 1866
34867 1868
34973 1870
35079 1870
35186 1866
35293 1876
35400 1874
35506 1872
35613 1874
35719 1864
35825 1868
35932 1875
36038 1873
36144 1877
36252 1876
36359 1876
36465 1876
36571 1861
36678 1873
36784 1875
36890 1879
36997 1850
37103 1872
37211 1874
37317 1872
37424 1870
37530 1875
37636 1872
37743 1874
37849 1873
37955 1877
38062 1875
38168 1874
38276 1870
38382 1877
38488 1876
38595 1884
38701 1876
38808 1875
38914 1876
39020 1868
39127 1879
39234 1876
39340 1877
39447 1872
39553 1880
39660 1875
39766 1874
39873 1777
39979 1876
40085 1877
40192 1873
40299 1877
40406 1875
40512 1874
40619 1880
40725 1866
40831 1875
40938 1872
41044 1871
41150 1869
41258 1869
41364 1870
41471 1850
41577 1867
41684 1866
41790 1869
41896 1897
42003 1868
42109 1862
42216 1868
42323 1861
42429 1865
42536 1860
42642 1864
42749 1862
42855 1861
42961 1863
43068 1866
43174 1866
43281 1867
43388 1869
43494 1865
43601 1871
43707 1870
43814 1869
43920 1877
44026 1872
44133 1877
44240 1877
44346 1855
44453 1875
44559 1875
44666 1877
44772 1957
44879 1875
44985 1879
45091 1857
45198 1889
45305 1879
45412 1877
45518 1844
45625 1877
45731 1874
45837 1873
45944 1868
46050 1875
46156 1872
46264 1871
46370 1872
46477 1871
46583 1872
46690 1874
46796 1885
46902 1873
47008 1870
47115 1870
47222 1900
47329 1872
47435 1871
47542 1873
47648 1876
47754 1878
47861 1867
47967 1872
48073 1871
48180 1873
48287 1871
48394 1908
48500 1877
48607 1867
48713 1870
48819 1842
48926 1870
49032 1869
49138 1868
49246 1869
49352 1865
49459 1870
49565 1868
49672 1857
49778 1867
49884 1869
49991 1870
50097 1884
50203 1874
50310 1871
50416 1871
50522 1872
50629 1873
50735 1873
50841 1877
50948 1869
51054 1873
51160 1875
51268 1864
51374 1880
51481 1881
51587 1885
51694 1857
51800 1880
51906 1885
52013 1882
52119 1903
52226 1883
52333 1884
52439 1882
52546 1908
52652 1884
52759 1886
52865 1883
52971 1896
53078 1884
53184 1881
53291 1879
53398 1880
53504 1878
53611 1877
53717 1877
53824 1876
53930 1880
54036 1872
54143 1874
54250 1871
54356 1872
54463 1870
