2 1799
145 1479
253 1154
359 882
466 657
572 477
679 387
785 358
891 397
998 522
1104 656
1211 865
1318 1113
1424 1393
1531 1692
1637 1990
1744 2277
1850 2547
1956 2778
2063 2961
2170 3109
2276 3177
2383 3194
2489 3153
2596 3059
2702 2908
2809 2722
2915 2498
3021 2255
3128 1980
3235 1718
3342 1471
3448 1255
3555 1046
3661 889
3767 782
3874 800
3980 713
4086 757
4194 851
4300 996
4407 1166
4513 1368
4620 1586
4726 1822
4832 2049
4938 2268
5045 2474
5151 2628
5259 2761
5365 2845
5471 2885
5578 2889
5684 2841
5790 2753
5897 2623
6003 2468
6109 2285
6217 2091
6323 1835
6430 1687
6536 1497
6643 1329
6749 1198
6855 1083
6962 1010
7068 982
7176 988
7282 1039
7388 1126
7495 1266
7601 1381
7708 1544
7814 1719
7920 1909
8027 2069
8133 2232
8240 2378
8347 2498
8453 2581
8560 2641
8666 2658
8773 2652
8879 2592
8985 2519
9092 2409
9199 2149
9306 2136
9412 1979
9519 1821
9625 1672
9731 1536
9838 1413
9944 1315
10050 1242
10158 1196
10264 1185
10370 1213
10477 1252
10583 1327
10689 1419
10796 1537
10902 1668
11008 1804
11115 1941
11222 2120
11328 2190
11435 2304
11541 2386
11648 2412
11754 2474
11861 2480
11967 2462
12073 2441
12181 2345
12287 2259
12394 2150
12500 2040
12607 1922
12713 1795
12819 1684
12926 1580
13032 1487
13138 1418
13246 1371
13352 1345
13459 1348
13565 1367
13672 1390
13778 1477
13884 1557
13991 1651
14097 1780
14204 1857
14311 1962
14417 2055
14524 2153
14630 2223
14737 2283
14843 2326
14949 2345
15056 2336
15163 2320
15270 2276
15376 2209
15483 2143
15589 2056
15695 1997
15802 1869
15908 1782
16014 1693
16121 1627
16228 1560
16334 1506
16441 1482
16547 1484
16654 1471
16760 1494
16867 1535
16973 1531
17079 1654
17187 1726
17293 1806
17400 1887
17506 1967
17613 2042
17719 2111
17825 2159
17932 2199
18038 2220
18144 2230
18252 2224
18358 2203
18465 2165
18571 2129
18678 2060
18784 1996
18890 1923
18996 1844
19103 1782
19210 1723
19317 1666
19423 1647
19530 1590
19636 1567
19742 1566
19849 1562
19955 1593
20061 1622
20169 1673
20276 1722
20382 1783
20488 1846
20595 1908
20701 1965
20807 2017
20914 2067
21020 2102
21126 2134
21234 2142
21340 2150
21447 2130
21553 2114
21660 2086
21766 2046
21872 1993
21979 1943
22085 1888
22193 1833
22299 1780
22405 1737
22512 1696
22618 1666
22725 1640
22831 1631
22937 1626
23044 1642
23150 1660
23257 1693
23364 1728
23470 1762
23577 1818
23683 1867
23790 1910
23896 1961
24002 2000
24109 2035
24216 2065
24323 2045
24429 2091
24536 2089
24642 2077
24748 2041
24855 2026
24961 1988
25067 1955
25175 1917
25281 1868
25388 1829
25494 1797
25601 1755
25707 1726
25813 1703
25920 1691
26026 1682
26132 1690
26240 1697
26346 1717
26453 1745
26559 1774
26666 1809
26772 1703
26878 1882
26985 1924
27091 1957
27198 1983
27305 2013
27411 2030
27518 2043
27624 2046
27731 2039
27837 2031
27943 2007
28050 1988
28158 1958
28265 1930
28371 1893
28478 1861
28584 1827
28690 1794
28797 1773
28903 1749
29009 1731
29116 1725
29223 1763
29329 1728
29436 1739
29542 1753
29649 1774
29755 1798
29862 1834
29968 1861
30074 1895
30182 1918
30288 1942
30395 1982
30501 1988
30608 1999
30714 2003
30820 2009
30927 2004
31033 1991
31139 1975
31247 2048
31353 1935
31460 1912
31566 1874
31673 1943
31779 1831
31885 1803
31992 1792
32098 1774
32205 1761
32312 1765
32418 1760
32525 1763
32631 1776
32738 1794
32844 1815
32950 1833
33057 1851
33164 1874
33271 1918
33377 1920
33484 1936
33590 1954
33696 1968
33803 1974
33909 1976
34015 1973
34121 1967
34229 1956
34335 1942
34442 1930
34548 1908
34655 1889
34761 1865
34867 1870
34974 1827
35080 1816
35188 1798
35294 1801
35401 1785
35507 1782
35613 1789
35720 1802
35826 1802
35932 1819
36039 1833
36145 1845
36253 1866
36359 1887
36466 1901
36572 1862
36678 1928
36785 1940
36891 1943
36997 2018
37104 1954
37211 1968
37318 1943
37424 1936
37531 1920
37637 1910
37743 1894
37850 1881
37956 1866
38062 1849
38170 1833
38276 1824
38383 1818
38489 1813
38596 1808
38702 1808
38808 1813
38915 1817
39021 1825
39127 1840
39235 1852
39341 1864
39448 1839
39554 1889
39661 1904
39767 1912
39873 1993
39980 1931
40086 1932
40193 1932
40300 1933
40406 1929
40513 1909
40619 1915
40726 1904
40832 1895
40938 1882
41045 1870
41151 1862
41258 1854
41365 1839
41471 1977
41578 1823
41684 1819
41791 1824
41897 1795
42003 1828
42110 1829
42217 1833
42324 1847
42430 1856
42537 1867
42643 1876
42749 1888
42856 1900
42962 1900
43068 1910
43176 1912
43282 1916
43389 1918
43495 1919
43602 1915
43708 1910
43814 1890
43920 1903
44027 1891
44133 1878
44241 1869
44347 1841
44454 1856
44560 1849
44666 1842
44773 1826
44879 1842
44985 1836
45092 1838
45199 1840
45306 1851
45412 1852
45519 1829
45625 1867
45731 1872
45838 1878
45944 1882
46050 1893
46158 1900
46264 1902
46371 1905
46477 1903
46584 1908
46690 1907
46796 1901
46903 1904
47009 1898
47115 1886
47223 1843
47329 1881
47436 1870
47542 1868
47649 1868
47755 1856
47861 1849
47968 1847
48074 1848
48181 1844
48288 1849
48394 1834
48501 1853
48607 1856
48714 1862
48820 1863
48926 1868
49033 1877
49139 1871
49246 1889
49353 1895
49459 1884
49566 1896
49672 1885
49779 1897
49885 1897
49991 1899
50098 1899
50205 1893
50312 1887
50418 1882
50525 1877
50631 1872
50737 1871
50844 1865
50950 1858
51056 1860
51164 1856
51270 1853
51377 1856
51483 1858
51590 1855
51696 1856
51802 1862
51909 1869
52015 1877
52121 1745
52229 1883
52335 1886
52442 1888
52548 1919
52655 1892
52761 1894
52867 1898
52974 1896
53080 1894
53187 1892
53294 1892
53400 1888
53507 1884
53613 1880
53720 1848
53826 1870
53932 1867
54038 1867
54145 1866
54252 1859
54359 1860
54465 1859
