2 1798
145 1460
251 1162
358 895
464 675
572 529
678 449
785 435
891 497
997 620
1104 804
1210 1031
1316 1290
1423 1569
1529 1859
1636 2138
1743 2395
1849 2620
1956 2798
2062 2925
2168 2990
2275 3005
2381 2961
2487 2861
2595 2675
2701 2531
2808 2318
2914 2088
3020 1872
3127 1635
3233 1426
3339 1244
3446 1108
3553 1004
3659 944
3766 944
3872 980
3979 1068
4085 1183
4191 1341
4298 1511
4404 1696
4510 1884
4618 2054
4724 2242
4831 2385
4937 2499
5043 2578
5150 2629
5256 2635
5362 2601
5469 2535
5576 2438
5683 2311
5789 2165
5895 2020
6002 1866
6108 1713
6214 1576
6321 1463
6427 1361
6533 1293
6641 1261
6747 1254
6854 1280
6960 1336
7066 1423
7173 1520
7279 1641
7385 1755
7492 1875
7599 2009
7706 2118
7812 2219
7918 2295
8025 2349
8131 2376
8237 2378
8344 2338
8450 2312
8558 2245
8664 2160
8771 2057
8877 1970
8983 1861
9089 1761
9196 1588
9302 1591
9408 1532
9515 1485
9622 1465
9729 1463
9835 1477
9942 1509
10048 1574
10154 1643
10260 1722
10367 1805
10473 1889
10581 1981
10687 2051
10794 2112
10900 2160
11006 2198
11113 2216
11219 2179
11325 2199
11431 2166
11538 2128
11645 2065
11752 2002
11858 1936
11965 1868
12071 1852
12177 1736
12284 1680
12390 1638
12496 1614
12604 1600
12710 1595
12817 1621
12923 1636
13029 1674
13136 1719
13242 1771
13348 1828
13455 1884
13562 1944
13668 1985
13775 2031
13881 2064
13988 2088
14094 2123
14200 2099
14307 2088
14413 2066
14519 2039
14627 2000
14733 1961
14840 1916
14946 1867
15052 1820
15159 1782
15265 1760
15371 1719
15478 1698
15585 1688
15692 1686
15798 1697
15904 1713
16011 1736
16117 1780
16223 1803
16330 1842
16436 1894
16542 1909
16650 1951
16756 1988
16863 2004
16969 1936
17076 2026
17182 2025
17288 2025
17395 2019
17501 1984
17608 1964
17715 1933
17821 1905
17928 1869
18034 1841
18140 1816
18247 1791
18353 1772
18459 1756
18567 1723
18673 1747
18780 1755
18886 1766
18992 1790
19099 1802
19205 1826
19311 1852
19418 1862
19524 1903
19631 1929
19738 1948
19844 1958
19951 1970
20057 1975
20163 1976
20270 1948
20376 1958
20482 1945
20590 1932
20696 1908
20803 1887
20909 1865
21015 1849
21122 1835
21228 1821
21334 1797
21441 1792
21548 1806
21655 1787
21761 1789
21867 1799
21974 1816
22080 1827
22186 1841
22293 1851
22399 1877
22505 1899
22613 1912
22719 1928
22826 1939
22932 1945
23038 1944
23145 2006
23251 1941
23357 1937
23464 1925
23571 1913
23677 1903
23784 1891
23890 1868
23997 1856
24103 1844
24209 1836
24316 1823
24422 1819
24528 1813
24636 1819
24742 1839
24849 1822
24955 1833
25061 1844
25168 1851
25274 1864
25380 1876
25487 1891
25594 1853
25701 1906
25807 1915
25913 1924
26020 1932
26126 1925
26232 1919
26339 1916
26445 1901
26553 1899
26659 1890
26765 1884
26872 1873
26978 1859
27084 1853
27191 1826
27297 1840
27403 1830
27510 1832
27617 1839
27724 1831
27830 1836
27936 1841
28043 1825
28149 1860
28255 1866
28362 1874
28468 1895
28576 1892
28682 1895
28789 1903
28895 1908
29001 1912
29107 1908
29214 1906
29320 1877
29426 1901
29533 1897
29640 1888
29747 1880
29853 1875
29960 1865
30066 1862
30172 1869
30278 1856
30385 1851
30491 1848
30599 1849
30705 1851
30812 1855
30918 1855
31024 1860
31131 1873
31237 1871
31343 1688
31449 1881
31557 1892
31664 1893
31770 1891
31876 1903
31983 1896
32089 1897
32195 1958
32302 1894
32408 1887
32514 1887
32622 1879
32728 1874
32835 1877
32941 1862
33047 1860
33154 1857
33260 1853
33366 1849
33473 1857
33580 1853
33686 1855
33793 1841
33899 1864
34006 1861
34112 1868
34218 1954
34325 1875
34431 1885
34537 1888
34645 1859
34751 1889
34858 1893
34964 1896
35070 1895
35177 1890
35283 1888
35389 1881
35496 1883
35603 1879
35710 1875
35816 1868
35922 1866
36029 1864
36135 1866
36241 1856
36348 1860
36454 1855
36561 1861
36668 1835
36774 1869
36881 1864
36987 1869
37093 1854
37200 1875
37306 1882
37412 1887
37519 1907
37626 1889
37732 1892
37839 1897
37945 1893
38052 1894
38158 1887
38264 1885
38371 1884
38477 1880
38584 1879
38691 1878
38797 1870
38904 1868
39010 1864
39116 1864
39223 1862
39329 1861
39435 1865
39542 1857
39649 1861
39756 1865
39862 1866
39968 1884
40075 1874
40181 1875
40287 1876
40394 1903
40500 1880
40608 1878
40714 1880
40820 1883
40927 1880
41033 1880
41139 1881
41246 1875
41352 1874
41458 1875
41566 1874
41673 1872
41779 1869
41885 1869
41991 1861
42098 1865
42204 1867
42310 1867
42417 1866
42523 1870
42631 1868
42737 1871
42844 1828
42950 1875
43056 1878
43162 1876
43269 1944
43375 1877
43481 1882
43589 1881
43695 1879
43802 1885
43908 1880
44015 1879
44121 1878
44227 1884
44333 1872
44440 1876
44547 1888
44654 1868
44760 1871
44867 1854
44973 1865
45079 1866
45186 1870
45292 1859
45398 1869
45504 1867
45612 1869
45719 1793
45825 1877
45931 1874
46038 1875
46144 1877
46250 1876
46357 1878
46463 1881
46570 1880
46677 1882
46783 1880
46890 1876
46996 1881
47102 1877
47209 1873
47315 1875
47421 1873
47528 1868
47635 1868
47741 1872
47848 1865
47954 1865
48061 1867
48167 1870
48273 1866
48380 1870
48486 1873
48593 1845
48700 1873
48806 1877
48913 1874
49019 1838
49125 1880
49232 1879
49338 1884
49444 1837
49552 1877
49658 1880
49765 1882
49871 1890
49977 1875
50084 1876
50190 1876
50296 1877
50403 1878
50509 1874
50616 1876
50723 1874
50829 1871
50936 1871
51042 1872
51148 1876
51255 1874
51361 1872
51467 1876
51575 1881
51681 1878
51788 1879
51894 1879
52000 1878
52107 1879
52213 1879
52319 1882
52426 1875
52532 1878
52639 1877
52746 1875
52852 1875
52959 1875
53065 1884
53171 1869
53278 1875
53384 1874
53490 1862
53598 1871
53704 1869
53811 1870
53917 1871
54023 1869
54130 1874
54236 1874
54342 1860
54449 1878
