2 213
55 880
71 824
88 768
104 706
120 654
137 588
153 537
169 484
186 443
203 382
220 334
236 300
253 264
269 238
285 208
301 184
318 158
334 149
350 133
367 131
383 120
399 117
416 147
432 138
448 153
465 174
481 191
497 226
514 246
530 289
546 324
563 364
579 392
595 459
612 505
628 557
644 620
661 673
677 735
693 794
710 858
726 921
742 985
758 1047
775 1118
791 1178
807 1246
824 1309
840 1369
856 1435
873 1487
889 1557
905 1606
922 1661
938 1717
954 1765
971 1815
987 1854
1003 1902
1020 1933
1036 1971
1052 2000
1069 2030
1085 2050
1101 2065
1118 2086
1134 2089
1150 2098
1167 2104
1183 2095
1200 2089
1217 2081
1233 2067
1250 2047
1266 2024
1282 1998
1299 1971
1315 1934
1331 1903
1348 1855
1364 1820
1380 1771
1396 1726
1413 1674
1429 1621
1445 1563
1462 1506
1478 1445
1494 1392
1511 1329
1527 1267
1543 1208
1560 1145
1576 1072
1592 1023
1609 958
1625 850
1641 839
1658 781
1674 726
1690 675
1707 630
1723 577
1739 522
1756 484
1772 441
1788 403
1805 367
1821 334
1837 309
1853 285
1870 264
1886 246
1902 234
1919 224
1935 221
1951 216
1968 219
1984 228
2000 227
2017 250
2033 267
2049 292
2066 317
2082 349
2098 379
2115 423
2131 454
2147 491
2164 538
2180 587
2197 637
2214 687
2230 739
2247 798
2263 850
2279 908
2296 963
2312 1025
2328 1087
2345 1140
2361 1204
2377 1257
2394 1318
2410 1382
2426 1436
2443 1489
2459 1523
2475 1591
2491 1639
2508 1681
2524 1733
2540 1769
2557 1806
2573 1846
2589 1876
2606 1906
2622 1939
2638 1952
2655 1970
2671 1985
2687 1999
2704 2000
2720 2014
2736 2009
2753 2009
2769 1999
2785 2002
2802 1968
2818 1953
2834 1942
2851 1912
2867 1883
2883 1857
2900 1814
2916 1777
2932 1745
2948 1699
2965 1653
2981 1602
2997 1555
3014 1503
3030 1449
3046 1399
3063 1354
3079 1287
3095 1216
3112 1175
3128 1113
3144 1067
3161 1011
3177 958
3193 895
3211 848
3227 796
3244 741
3260 690
3276 653
3293 605
3309 564
3325 524
3342 493
3358 456
3374 428
3391 402
3407 375
3423 352
3440 328
3456 317
3472 313
3489 310
3505 303
3521 310
3538 310
3554 318
3570 328
3586 346
3603 367
3619 380
3635 409
3652 439
3668 471
3684 497
3701 542
3717 578
3733 621
3750 664
3766 700
3782 753
3799 806
3815 838
3831 901
3848 954
3864 1008
3880 1062
3897 1115
3913 1162
3929 1220
3946 1277
3962 1329
3978 1376
3995 1429
4011 1476
4027 1518
4043 1570
4060 1602
4076 1657
4092 1690
4109 1729
4125 1763
4141 1774
4158 1815
4174 1850
4190 1865
4208 1887
4224 1898
4241 1914
4257 1923
4274 1930
4290 1931
4306 1920
4323 1924
4339 1912
4355 1902
4372 1889
4388 1863
4404 1849
4421 1818
4437 1796
4453 1762
4470 1733
4486 1696
4502 1657
4519 1619
4535 1575
4551 1529
4567 1486
4584 1440
4600 1427
4616 1343
4633 1295
4649 1245
4665 1197
4682 1141
4698 1092
4714 1039
4731 992
4747 944
4763 893
4780 843
4796 807
4812 755
4829 722
4845 673
4861 635
4878 599
4894 567
4910 535
4927 488
4943 482
4959 459
4976 433
4992 419
5008 398
5024 399
5041 383
5057 382
5073 381
5090 385
5106 388
5122 400
5139 410
5155 427
5171 443
5188 464
5205 488
5221 510
5238 544
5254 585
5271 614
5287 661
5303 683
5320 732
5336 767
5352 815
5369 856
5385 902
5401 960
5418 995
5434 1048
5450 1094
5467 1142
5483 1189
5499 1238
5516 1284
5532 1330
5548 1368
5565 1421
5581 1461
5597 1505
5614 1543
5630 1598
5646 1616
5662 1616
5679 1686
5695 1715
5711 1743
5728 1761
5744 1816
5760 1806
5777 1809
5793 1829
5809 1840
5826 1836
5842 1853
5858 1851
5875 1851
5891 1840
5907 1829
5924 1822
5940 1798
5956 1786
5973 1764
5989 1739
6005 1724
6022 1694
6038 1664
6054 1627
6071 1588
6087 1558
6103 1516
6119 1475
6136 1429
6152 1397
6168 1350
6185 1310
6202 1261
6219 1211
6235 1165
6252 1116
6268 1069
6284 1025
6300 980
6317 938
6333 903
6349 857
6366 816
6382 774
6398 742
6415 700
6431 671
6447 647
6464 615
6480 580
6496 555
6513 532
6529 515
6545 494
6562 488
6578 472
6594 470
6611 460
6627 454
6643 453
6660 459
6676 462
6692 482
6709 489
6725 509
6741 527
6757 539
6774 566
6790 587
6806 619
6823 651
6839 681
6855 711
6872 746
6888 783
6904 824
6921 865
6937 903
6953 947
6970 982
6986 1046
7002 1067
7019 1115
7035 1170
7051 1204
7068 1220
7084 1292
7100 1329
7117 1375
7133 1412
7149 1450
7166 1487
7182 1525
7199 1557
7216 1590
7232 1628
7249 1647
7265 1675
7281 1693
7298 1718
7314 1729
7330 1748
7347 1765
7363 1769
7379 1781
7395 1782
7412 1786
7428 1792
7444 1780
7461 1776
7477 1758
7493 1748
7510 1738
7526 1721
7542 1694
7559 1679
7575 1652
7591 1632
7608 1597
7624 1570
7640 1534
7657 1501
7673 1462
7689 1424
7706 1386
7722 1351
7738 1310
7755 1267
7771 1235
7787 1188
7804 1148
7820 1109
7836 1057
7852 1022
7869 993
7885 945
7901 908
7918 869
7934 832
7950 789
7967 762
7983 736
7999 703
8016 683
8032 650
8048 617
8065 596
8081 582
8097 564
8114 555
8130 547
8146 533
8163 528
8179 529
8197 526
8213 526
8230 535
8246 539
8262 552
8279 561
8295 577
8311 592
8328 618
8344 634
8360 661
8377 673
8393 715
8409 741
8425 778
8442 808
8458 838
8474 878
8491 914
8507 951
8523 991
8540 1035
8556 1065
8572 1105
8589 1147
8605 1181
8621 1227
8638 1260
8654 1298
8670 1334
8687 1377
8703 1411
8719 1441
8736 1473
8752 1505
8768 1529
8785 1566
8801 1600
8817 1613
8834 1640
8850 1655
8866 1672
8882 1683
8899 1698
8915 1711
8931 1700
8948 1722
8964 1723
8980 1728
8997 1720
9013 1715
9029 1706
9046 1702
9062 1683
9078 1673
9095 1656
9111 1631
9127 1614
9144 1591
9160 1562
9176 1539
9193 1508
9210 1479
9227 1449
9243 1405
9259 1379
9276 1345
9292 1307
9308 1272
9325 1236
9341 1196
9357 1165
9374 1120
9390 1086
9406 1050
9423 1014
9439 975
9455 939
9472 900
9488 876
9504 839
9521 812
9537 792
9553 755
9570 730
9586 709
9602 686
9618 666
9635 646
9651 630
9667 622
9684 607
9700 595
9716 592
9733 583
9749 589
9765 585
9782 593
9798 597
9814 604
9831 605
9847 624
9863 633
9880 660
9896 670
9912 696
9929 720
9945 741
9961 772
9978 796
9994 826
10010 860
10027 886
10043 920
10059 951
10075 984
10092 1026
10108 1055
10124 1091
10141 1128
10157 1162
10173 1200
10190 1233
10207 1265
10224 1303
10240 1323
10256 1375
10273 1400
10289 1438
10305 1457
10322 1487
10338 1508
10354 1540
10371 1557
10387 1580
10403 1596
10420 1609
10436 1627
10452 1637
10469 1642
10485 1660
10501 1658
10518 1664
10534 1666
10550 1663
10567 1658
10583 1651
10599 1638
10616 1640
10632 1622
10648 1609
10665 1581
10681 1574
10697 1552
10713 1532
10730 1505
10746 1484
10762 1451
10779 1431
10795 1402
10811 1373
10828 1336
10844 1308
10860 1270
10877 1248
10893 1203
10909 1174
10926 1141
10942 1106
10958 1072
10975 1036
10991 1007
11007 974
11024 944
11040 914
11056 883
11073 851
11089 824
11105 802
11122 776
11138 756
11154 735
11170 718
11187 700
11204 682
11221 666
11237 661
11254 647
11270 642
11286 638
11303 636
11319 639
11335 637
11351 653
11368 647
11384 659
11400 669
11417 681
11433 694
11449 707
11466 728
11482 749
11498 765
11515 798
11531 815
11547 841
11564 869
11580 895
11596 919
11613 955
11629 995
11645 1017
11662 1045
11678 1078
11694 1116
11711 1147
11727 1178
11743 1213
11760 1241
11776 1276
11792 1305
11808 1327
11825 1374
11841 1386
11857 1415
11874 1445
11890 1463
11906 1491
11923 1508
11939 1527
11955 1547
11972 1558
11988 1573
12004 1582
12021 1596
12037 1610
12053 1612
12070 1615
12086 1619
12102 1615
12119 1616
12135 1615
12151 1603
12168 1598
12184 1588
12201 1571
12218 1555
12234 1543
12251 1525
12267 1506
12283 1486
12300 1461
12316 1441
12332 1398
12349 1392
12365 1356
12381 1332
12398 1306
12414 1269
12430 1256
12446 1220
12463 1185
12479 1154
12495 1121
12512 1096
12528 1059
12544 1034
12561 1001
12577 972
12593 948
12610 917
12626 893
12642 869
12659 842
12675 822
12691 796
12708 777
12724 760
12740 746
12757 729
12773 722
12789 712
12806 698
12822 694
12838 687
12855 682
12871 682
12887 684
12903 684
12920 685
12936 698
12952 705
12969 714
12985 728
13001 740
13018 752
13034 773
13050 790
13067 807
13083 829
13099 852
13116 875
13132 909
13148 928
13165 957
13181 992
13198 1015
13215 1043
13231 1070
13248 1090
13264 1131
13280 1161
13297 1187
13313 1221
13329 1245
13346 1275
13362 1300
13378 1322
13395 1354
13411 1377
13427 1402
13444 1421
13460 1452
13476 1470
13493 1481
13509 1503
13525 1519
13541 1533
13558 1540
13574 1549
13590 1557
13607 1565
13623 1571
13639 1569
13656 1570
13672 1573
13688 1565
13705 1565
13721 1553
13737 1550
13754 1536
13770 1521
13786 1508
13803 1491
13819 1475
13835 1462
13852 1438
13868 1419
13884 1399
13901 1372
13917 1350
13933 1322
13950 1300
13966 1273
13982 1248
13998 1220
14015 1196
14031 1171
14047 1133
14064 1110
14080 1080
14096 1056
14113 1031
14129 997
14145 972
14162 949
14178 925
14194 901
14212 884
14228 877
14245 840
14261 824
14278 803
14294 787
14310 743
14327 740
14343 757
14359 744
14376 732
14392 727
14408 726
14425 729
14441 722
14457 724
14474 733
14490 732
14506 743
14522 754
14539 759
14555 776
14571 793
14588 804
14604 822
14620 834
14637 857
14653 877
14669 936
14686 917
14702 943
14718 966
14735 994
14751 1019
14767 1044
14784 1073
14800 1098
14816 1126
14833 1146
14849 1171
14865 1198
14882 1225
14898 1254
14914 1272
14931 1303
14947 1325
14963 1342
14979 1373
14996 1390
15012 1409
15028 1420
15045 1444
15061 1460
15077 1474
15094 1492
15110 1494
15126 1514
15143 1515
15159 1520
15175 1513
15192 1523
15209 1529
15225 1528
15242 1538
15258 1529
15274 1521
15291 1516
15307 1500
15323 1496
15340 1485
15356 1471
15372 1455
15388 1430
15405 1423
15421 1405
15437 1382
15454 1363
15470 1346
15486 1321
15503 1298
15519 1279
15535 1255
15552 1229
15568 1197
15584 1175
15601 1150
15617 1130
15633 1105
15650 1080
15666 1049
15682 1029
15699 998
15715 983
15731 959
15748 939
15764 918
15780 897
15797 880
15813 866
15829 846
15845 843
15862 815
15878 804
15894 798
15911 784
15927 771
15943 775
15960 768
15976 765
15992 764
16009 792
16025 767
16041 776
16058 775
16074 793
16090 794
16107 806
16123 817
16139 820
16156 839
16172 855
16188 869
16206 890
16222 908
16239 934
16255 949
16271 967
16288 993
16304 1016
16320 1045
16337 1061
16353 1080
16369 1113
16386 1131
16402 1156
16418 1180
16435 1202
16451 1225
16467 1251
16483 1276
16500 1291
16516 1314
16532 1335
16549 1352
16565 1368
16581 1389
16598 1403
16614 1421
16630 1431
16647 1442
16663 1452
16679 1467
16696 1468
16712 1484
16728 1486
16745 1490
16761 1493
16777 1482
16794 1491
16810 1490
16826 1482
16843 1483
16859 1485
16875 1470
16892 1455
16908 1444
16924 1430
16940 1370
16957 1401
16973 1393
16989 1366
17006 1343
17022 1349
17038 1311
17055 1293
17071 1274
17087 1254
17104 1227
17120 1203
17136 1184
17153 1162
17169 1138
17185 1116
17203 1091
17219 1068
17236 1045
17252 1026
17268 1002
17285 991
17301 953
17317 942
17334 934
17350 903
17366 898
17383 885
17399 865
17415 856
17432 841
17448 837
17464 809
17481 817
17497 809
17513 798
17530 805
17546 803
17562 801
17578 804
17595 803
17611 810
17627 813
17644 817
17660 831
17676 829
17693 842
17709 862
17725 875
17742 888
17758 908
17774 920
17791 938
17807 956
17823 973
17840 999
17856 1013
17872 1035
17889 1056
17905 1076
17921 1100
17938 1119
17954 1144
17970 1164
17987 1182
18003 1208
18019 1224
18035 1239
18052 1261
18068 1284
18084 1303
18101 1315
18117 1337
18133 1358
18150 1376
18166 1384
18182 1398
18200 1419
18216 1422
18233 1427
18249 1436
18265 1441
18282 1452
18298 1450
18314 1458
18331 1456
18347 1455
18363 1453
18380 1446
18396 1442
18412 1439
18429 1427
18445 1427
18461 1417
18478 1409
18494 1392
18510 1379
18527 1360
18543 1352
18559 1335
18576 1318
18592 1296
18608 1284
18625 1262
18641 1245
18657 1225
18673 1208
18690 1175
18706 1168
18722 1150
18739 1123
18755 1102
18771 1081
18788 1059
18804 1038
18820 1022
18837 1014
18853 983
18869 975
18886 954
18902 940
18918 918
18935 907
18951 893
18967 884
18984 879
19000 866
19016 859
19033 849
19049 845
19065 837
19082 835
19098 833
19114 831
19130 830
19147 837
19163 835
19179 838
19197 849
19213 857
19230 868
19246 877
19262 884
19279 896
19295 909
19311 921
19328 932
19344 957
19360 964
19377 965
19393 1002
19409 1018
19426 1040
19442 1057
19458 1081
19475 1093
19491 1110
19507 1131
19524 1152
19540 1173
19556 1193
19573 1212
19589 1227
19605 1249
19622 1259
19638 1281
19654 1293
19670 1312
19687 1322
19703 1342
19719 1352
19736 1366
19752 1374
19768 1385
19785 1393
19801 1403
19817 1404
19834 1410
19850 1417
19866 1418
19883 1418
19899 1423
19915 1421
19932 1413
19948 1425
19964 1413
19981 1405
19997 1403
20013 1388
20030 1386
20046 1372
20062 1359
20079 1348
20095 1334
20111 1318
20127 1311
20144 1289
20160 1280
20176 1265
20193 1243
20210 1224
20227 1206
20243 1184
20259 1160
20276 1154
20292 1136
20308 1135
20325 1097
20341 1083
20357 1064
20373 1043
20390 1027
20406 1009
20422 982
20439 984
20455 964
20471 952
20488 942
20504 928
20520 915
20537 897
20553 898
20569 890
20586 879
20602 875
20618 878
20635 869
20651 868
20667 864
20684 864
20700 870
20716 867
20733 872
20749 879
20765 883
20782 887
20798 900
20814 907
20830 922
20847 928
20863 939
20879 949
20896 963
20912 978
20928 973
20945 1004
20961 1025
20977 1042
20994 1054
21010 1075
21026 1096
21043 1108
21059 1128
21075 1139
21092 1165
21108 1177
21124 1197
21141 1213
21157 1228
21173 1247
21190 1261
21207 1277
21223 1292
21240 1297
21256 1321
21273 1328
21289 1336
21305 1358
21322 1360
21338 1371
21354 1372
21371 1381
21387 1389
21403 1394
21420 1391
21436 1395
21452 1401
21468 1399
21485 1393
21501 1391
21517 1387
21534 1384
21550 1375
21566 1371
21583 1366
21599 1353
21615 1345
21632 1330
21648 1325
21664 1313
21681 1298
21697 1286
21713 1269
21730 1258
21746 1235
21762 1221
21779 1204
21795 1193
21811 1172
21828 1175
21844 1140
21860 1125
21877 1101
21893 1089
21909 1078
21925 1056
21942 1040
21958 1029
21974 1010
21991 1002
22007 982
22023 972
22040 960
22056 952
22072 940
22089 935
22105 918
22121 918
22138 904
22154 902
22170 896
22187 891
22204 890
22220 880
22237 878
22253 890
22270 898
22286 893
22302 896
22319 896
22335 908
22351 913
22368 918
22384 931
22400 940
22417 948
22433 966
22449 970
22466 991
22482 1000
22498 1010
22515 1030
22531 1042
22547 1059
22563 1076
22580 1089
22596 1106
22612 1122
22629 1138
22645 1157
22661 1168
22678 1182
22694 1199
22710 1210
22727 1230
22743 1245
22759 1268
22776 1277
22792 1286
22808 1298
22825 1312
22841 1314
22857 1329
22874 1336
22890 1351
22906 1337
22923 1366
22939 1363
22955 1377
22972 1371
22988 1379
23004 1378
23020 1377
23037 1386
23053 1367
23069 1368
23086 1367
23102 1358
23118 1360
23135 1352
23151 1340
23167 1327
23184 1323
23201 1313
23217 1301
23234 1294
23250 1277
23267 1276
23283 1254
23299 1224
23316 1222
23332 1209
23348 1181
23365 1178
23381 1161
23397 1147
23414 1123
23430 1115
23446 1101
23463 1089
23479 1071
23495 1097
23512 1050
23528 1034
23544 1015
23561 1008
23577 997
23593 988
23610 971
23626 967
23642 947
23658 950
23675 936
23691 930
23707 927
23724 917
23740 923
23756 920
23773 912
23789 913
23805 908
23822 915
23838 918
23854 922
23871 927
23887 933
23903 935
23920 941
23936 947
23952 952
23969 971
23985 984
24001 983
24018 992
24034 1019
24050 1018
24067 1037
24083 1045
24099 1061
24115 1071
24132 1086
24148 1106
24164 1117
24181 1130
24198 1149
24215 1161
24231 1178
24248 1186
24264 1204
24280 1216
24296 1231
24313 1241
24329 1253
24345 1258
24362 1280
24378 1284
24394 1299
24411 1303
24427 1314
24443 1319
24460 1330
24476 1329
24492 1337
24509 1343
24525 1344
24541 1360
24558 1349
24574 1348
24590 1352
24607 1349
24623 1349
24639 1343
24656 1341
24672 1334
24688 1327
24705 1321
24721 1315
24737 1308
24753 1303
24770 1286
24786 1274
24802 1268
24819 1281
24835 1240
24851 1245
24868 1216
24884 1207
24900 1191
24917 1177
24933 1167
24949 1154
24966 1138
24982 1173
24998 1107
25015 1094
25031 1082
25047 1073
25064 1048
25080 1044
25096 1034
25113 1027
25129 1005
25145 998
25162 989
25178 984
25194 966
25212 966
25228 958
25245 955
25261 948
25278 897
25294 938
25310 938
25326 931
25343 931
25359 932
25375 934
25392 936
25408 941
25424 941
25441 943
25457 952
25473 955
25490 959
25506 901
25522 972
25539 980
25555 995
25571 1000
25588 1025
25604 1029
25620 1036
25637 1049
25653 1061
25669 1070
25686 1085
25702 1096
25718 1110
25735 1126
25751 1120
25767 1151
25783 1163
25800 1173
25816 1188
25832 1199
25849 1216
25865 1223
25881 1229
25898 1242
25914 1254
25930 1266
25947 1278
25963 1281
25979 1297
25996 1300
26012 1305
26028 1313
26045 1319
26061 1327
26077 1328
26094 1325
26110 1332
26126 1330
26143 1328
26159 1331
26175 1329
26192 1329
26208 1326
26225 1321
26241 1305
26257 1306
26274 1298
26290 1295
26306 1287
26323 1278
26339 1275
26355 1260
26372 1252
26388 1241
26404 1217
26421 1221
26437 1207
26453 1198
26470 1181
26486 1175
26502 1165
26519 1151
26535 1135
26551 1123
26568 1114
26584 1097
26600 1086
26616 1070
26633 1073
26649 1051
26665 1038
26682 1032
26698 1025
26714 1010
26731 1006
26747 996
26763 985
26780 983
26796 976
26812 967
26829 962
26845 958
26861 968
26878 958
26894 952
26910 953
26927 957
26943 950
26959 960
26976 955
26992 963
27008 951
27025 940
27041 977
27057 979
27073 993
27090 995
27106 1011
27122 1016
27139 1020
27155 1029
27171 1042
27188 1046
27205 1060
27222 1068
27238 1080
27254 1096
27271 1106
27287 1123
27303 1134
27320 1152
27336 1153
27352 1167
27369 1175
27385 1192
27401 1226
27418 1212
27434 1225
27450 1221
27467 1242
27483 1248
27499 1258
27516 1269
27532 1276
27548 1285
27565 1293
27581 1293
27597 1300
27614 1304
27630 1303
27646 1315
27663 1310
27679 1307
27695 1311
27711 1311
27728 1310
27744 1313
27760 1306
27777 1309
27793 1305
27809 1298
27826 1302
27842 1289
27858 1281
27875 1262
27891 1265
27907 1247
27924 1247
27940 1240
27956 1228
27973 1224
27989 1204
28005 1198
28022 1188
28038 1172
28054 1159
28071 1154
28087 1138
28103 1132
28120 1120
28136 1119
28152 1102
28168 1087
28185 1078
28202 1067
28219 1057
28235 1050
28252 1044
28268 1031
28284 1024
28301 1012
28317 1007
28333 1003
28349 1039
28366 977
28382 976
28398 975
28415 979
28431 975
28447 976
28464 974
28480 973
28496 978
28513 979
28529 977
28545 986
28562 982
28578 986
28594 991
28611 995
28627 1003
28643 1011
28660 1007
28676 1026
28692 1031
28709 1042
28725 1052
28741 1061
28758 1062
28774 1075
28790 1079
28806 1097
28823 1105
28839 1120
28855 1130
28872 1134
28888 1152
28904 1156
28921 1172
28937 1182
28953 1191
28970 1208
28986 1210
29002 1216
29019 1228
29035 1240
29051 1243
29068 1255
29084 1259
29100 1271
29117 1271
29133 1279
29149 1281
29166 1293
29182 1286
29199 1288
29216 1297
29232 1297
29249 1287
29265 1297
29281 1298
29298 1293
29314 1291
29330 1293
29347 1284
29363 1284
29379 1285
29396 1272
29412 1272
29428 1259
29444 1255
29461 1243
29477 1237
29493 1231
29510 1226
29526 1210
29542 1204
29559 1195
29575 1193
29591 1179
29608 1169
29624 1157
29640 1148
29657 1139
29673 1128
29689 1119
29706 1112
29722 1100
29738 1096
29755 1080
29771 1073
29787 1066
29804 1056
29820 1043
29836 1042
29853 1030
29869 1026
29885 1019
29901 1017
29918 1011
29934 1007
29950 998
29967 1002
29983 997
29999 991
30016 993
30032 991
30048 986
30065 995
30081 992
30097 997
30114 999
30130 1001
30146 1006
30163 1009
30179 1021
30197 1020
30214 1025
30230 1033
30246 1040
30263 1047
30279 1053
30295 1064
30312 1069
30328 1073
30344 1090
30361 1091
30377 1107
30393 1114
30410 1120
30426 1129
30442 1141
30459 1150
30475 1161
30491 1172
30508 1182
30524 1184
30540 1184
30557 1208
30573 1210
30589 1218
30606 1230
30622 1233
30638 1242
30655 1249
30671 1247
30687 1261
30703 1259
30720 1263
30736 1273
30752 1269
30769 1275
30785 1276
30801 1276
30818 1278
30834 1280
30850 1273
30867 1279
30883 1263
30899 1268
30916 1264
30932 1258
30948 1254
30965 1255
30981 1249
30997 1245
31014 1238
31030 1235
31046 1223
31063 1217
31079 1212
31095 1203
31112 1192
31128 1186
31144 1175
31160 1166
31177 1154
31193 1151
31211 1142
31227 1128
31243 1120
31260 1114
31276 1106
31292 1099
31309 1084
31325 1082
31341 1068
31357 1066
31374 1058
31390 1052
31406 1043
31423 1035
31439 1032
31455 1026
31472 1019
31488 1020
31504 1010
31521 1011
31537 1009
31553 1007
31570 1001
31586 1004
31602 1003
31619 999
31635 1003
31651 993
31668 1005
31684 1013
31700 1013
31717 1017
31733 1018
31749 1030
31766 1031
31782 1038
31798 1047
31814 1052
31831 1056
31847 1065
31863 1075
31880 1083
31896 1086
31912 1102
31929 1104
31945 1112
31961 1115
31978 1130
31994 1138
32010 1164
32027 1156
32043 1160
32059 1172
32076 1184
32092 1189
32108 1198
32125 1202
32141 1213
32157 1220
32174 1227
32190 1233
32207 1238
32224 1237
32240 1247
32257 1252
32273 1254
32289 1262
32306 1262
32322 1256
32338 1265
32354 1264
32371 1267
32387 1274
32403 1261
32420 1266
32436 1267
32452 1259
32469 1257
32485 1256
32501 1253
32518 1246
32534 1245
32550 1237
32567 1232
32583 1230
32599 1219
32616 1214
32632 1204
32648 1203
32665 1181
32681 1180
32697 1170
32714 1165
32730 1156
32746 1149
32763 1143
32779 1135
32795 1123
32811 1120
32828 1096
32844 1103
32860 1092
32877 1088
32893 1071
32909 1073
32926 1064
32942 1057
32958 1053
32975 1046
32991 1039
33007 1037
33024 1026
33040 1024
33056 1018
33073 1019
33089 1016
33105 1018
33122 1020
33138 1020
33154 1014
33171 1014
33187 1015
33204 1015
33221 1016
33237 1026
33254 1024
33270 1023
33286 1022
33303 1032
33319 1043
33335 1044
33352 1054
33368 1051
33384 1063
33401 1064
33417 1076
33433 1078
33449 1089
33466 1100
33482 1107
33498 1115
