2 327
56 960
72 926
89 880
105 835
121 791
138 753
154 715
170 659
187 613
203 590
219 539
236 505
252 463
268 433
285 395
301 359
317 335
334 301
350 282
366 250
383 234
399 214
415 189
432 175
448 157
464 143
481 143
497 133
513 121
530 119
546 109
562 115
578 119
595 120
611 136
627 170
644 144
660 158
676 175
693 189
709 210
725 235
742 259
758 279
774 303
791 339
807 365
823 398
840 428
856 457
872 501
889 535
905 575
921 612
938 654
954 693
970 741
987 778
1003 832
1019 867
1035 909
1052 957
1070 1010
1086 1055
1102 1057
1119 1146
1135 1191
1151 1238
1167 1283
1184 1277
1200 1376
1216 1412
1233 1459
1249 1500
1265 1542
1282 1584
1298 1624
1314 1663
1331 1695
1347 1732
1363 1771
1380 1799
1396 1832
1412 1863
1429 1897
1445 1917
1461 1946
1478 1967
1494 1986
1510 2012
1527 2030
1543 2043
1559 2060
1576 2072
1592 2083
1608 2093
1624 2096
1641 2100
1657 2104
1673 2103
1690 2102
1706 2086
1722 2089
1739 2075
1755 2068
1771 2063
1788 2046
1804 2032
1820 2011
1837 2001
1853 1977
1869 1946
1886 1924
1902 1897
1918 1872
1935 1835
1951 1815
1967 1771
1984 1743
2000 1710
2016 1668
2033 1634
2049 1596
2066 1551
2083 1513
2099 1472
2116 1432
2132 1390
2149 1346
2165 1307
2181 1260
2197 1222
2214 1176
2230 1138
2246 1087
2263 1043
2279 991
2295 962
2312 920
2328 881
2344 837
2361 827
2377 757
2393 726
2410 684
2426 644
2442 610
2459 581
2475 545
2491 518
2508 489
2524 459
2540 437
2557 408
2573 382
2589 366
2606 337
2622 325
2638 303
2654 292
2671 280
2687 261
2703 240
2720 250
2736 239
2752 227
2769 233
2785 235
2801 238
2818 240
2834 255
2850 255
2867 266
2883 277
2899 293
2916 306
2932 323
2948 339
2965 363
2981 382
2997 404
3014 436
3030 454
3046 478
3064 514
3080 542
3097 580
3113 604
3129 637
3146 676
3162 715
3178 752
3195 793
3211 825
3227 868
3244 903
3260 944
3276 985
3292 1025
3309 1067
3325 1101
3341 1145
3358 1184
3374 1222
3390 1272
3407 1306
3423 1350
3439 1394
3456 1423
3472 1452
3488 1496
3505 1527
3521 1566
3537 1596
3554 1633
3570 1662
3586 1696
3603 1725
3619 1754
3635 1775
3652 1805
3668 1827
3684 1846
3701 1871
3717 1886
3733 1902
3749 1922
3766 1937
3782 1953
3798 1957
3815 1968
3831 1979
3847 1985
3864 1980
3880 1988
3896 1984
3913 1985
3929 1971
3945 1976
3962 1970
3978 1973
3994 1949
4011 1938
4027 1916
4043 1905
4061 1887
4077 1868
4094 1848
4110 1822
4126 1802
4143 1778
4159 1749
4175 1720
4192 1690
4208 1672
4224 1630
4241 1597
4257 1571
4273 1537
4290 1501
4306 1469
4322 1431
4339 1393
4355 1358
4371 1317
4387 1286
4404 1245
4420 1206
4436 1171
4453 1118
4469 1070
4485 1057
4502 1018
4518 985
4534 943
4551 909
4567 868
4583 835
4600 799
4616 770
4632 740
4649 705
4665 673
4681 652
4698 614
4714 589
4730 563
4747 538
4763 513
4779 490
4796 476
4812 450
4828 432
4844 416
4861 397
4877 388
4893 376
4910 360
4926 356
4942 351
4959 351
4975 346
4991 340
5008 344
5024 345
5040 348
5058 351
5074 358
5091 365
5107 383
5123 389
5140 403
5156 428
5172 436
5189 457
5205 473
5221 500
5238 516
5254 531
5270 563
5287 576
5303 612
5319 642
5336 676
5352 707
5368 730
5385 768
5401 796
5417 831
5434 861
5450 897
5466 934
5482 969
5499 1000
5515 1034
5531 1075
5548 1111
5564 1145
5580 1182
5597 1217
5613 1247
5629 1282
5646 1319
5662 1359
5678 1386
5695 1420
5711 1449
5727 1486
5744 1518
5760 1545
5776 1577
5793 1602
5809 1625
5825 1659
5842 1680
5858 1704
5874 1726
5891 1743
5907 1761
5923 1780
5939 1805
5956 1818
5972 1830
5988 1841
6005 1850
6021 1851
6037 1872
6055 1876
6071 1880
6088 1887
6104 1882
6121 1884
6137 1885
6153 1883
6170 1870
6186 1882
6202 1886
6219 1848
6235 1840
6251 1827
6268 1809
6284 1794
6300 1778
6317 1758
6333 1740
6349 1719
6366 1697
6382 1676
6398 1649
6415 1641
6431 1605
6447 1577
6464 1542
6480 1516
6496 1488
6512 1454
6529 1421
6545 1397
6561 1360
6578 1344
6594 1292
6610 1265
6627 1229
6643 1194
6659 1162
6676 1131
6692 1105
6708 1060
6725 1028
6741 998
6757 965
6774 937
6790 903
6806 872
6823 842
6839 810
6855 798
6872 757
6888 732
6904 700
6921 673
6937 649
6953 621
6969 605
6986 585
7002 578
7018 551
7035 533
7051 505
7069 499
7085 481
7101 478
7118 470
7134 457
7150 451
7166 442
7183 439
7199 437
7215 435
7232 436
7248 440
7264 439
7281 445
7297 454
7313 461
7330 462
7346 472
7362 493
7379 504
7395 514
7411 530
7428 551
7444 568
7460 592
7477 602
7493 631
7509 651
7526 661
7542 702
7558 727
7575 752
7591 789
7607 798
7623 845
7640 861
7656 897
7672 927
7689 956
7705 986
7721 1021
7738 1049
7754 1086
7770 1107
7787 1144
7803 1174
7819 1212
7836 1233
7852 1268
7868 1296
7885 1336
7901 1358
7917 1389
7934 1414
7950 1445
7966 1475
7983 1502
7999 1521
8015 1550
8032 1572
8048 1597
8065 1619
8082 1640
8098 1654
8115 1677
8131 1694
8147 1706
8163 1677
8180 1738
8196 1742
8212 1759
8229 1772
8245 1787
8261 1792
8278 1777
8294 1795
8310 1799
8327 1799
8343 1799
8359 1801
8376 1793
8392 1792
8408 1789
8425 1780
8441 1772
8457 1759
8474 1745
8490 1737
8506 1718
8523 1761
8539 1690
8555 1680
8572 1656
8588 1638
8604 1617
8620 1599
8637 1571
8653 1556
8669 1525
8686 1503
8702 1470
8718 1449
8735 1421
8751 1385
8767 1364
8784 1342
8800 1312
8816 1288
8833 1249
8849 1217
8865 1200
8882 1162
8898 1131
8914 1105
8931 1074
8947 1044
8963 1020
8980 989
8996 956
9012 937
9029 904
9045 886
9062 850
9079 822
9095 802
9112 776
9128 768
9144 726
9161 711
9177 681
9193 669
9210 640
9226 631
9242 615
9258 613
9275 589
9291 576
9307 569
9324 555
9340 548
9356 538
9373 530
9389 527
9405 519
9422 520
9438 522
9454 514
9471 521
9487 523
9503 530
9520 534
9536 536
9552 551
9569 552
9585 565
9601 575
9618 591
9634 604
9650 624
9667 642
9683 651
9699 671
9715 692
9732 706
9748 724
9764 753
9781 776
9797 792
9813 826
9830 847
9846 865
9862 897
9879 923
9895 945
9911 950
9928 1003
9944 1031
9960 1059
9977 1085
9993 1097
10009 1144
10026 1165
10042 1201
10059 1223
10076 1252
10092 1281
10109 1311
10125 1334
10141 1343
10158 1378
10174 1401
10190 1427
10207 1453
10223 1476
10239 1492
10256 1514
10272 1540
10288 1559
10305 1574
10321 1592
10337 1613
10353 1626
10370 1632
10386 1655
10402 1659
10419 1673
10435 1677
10451 1697
10468 1698
10484 1709
10500 1712
10517 1714
10533 1719
10549 1719
10566 1722
10582 1720
10598 1711
10615 1699
10631 1703
10647 1703
10664 1687
10680 1681
10696 1669
10713 1664
10729 1652
10745 1640
10762 1627
10778 1606
10794 1593
10810 1572
10827 1559
10843 1536
10859 1518
10876 1499
10892 1477
10908 1456
10925 1432
10941 1427
10957 1398
10974 1364
10990 1322
11006 1312
11023 1285
11039 1263
11056 1240
11073 1209
11089 1186
11106 1156
11122 1131
11138 1103
11155 1077
11171 1053
11187 1025
11204 1003
11220 973
11236 953
11253 930
11269 905
11285 833
11302 862
11318 832
11334 816
11351 806
11367 771
11383 755
11400 736
11416 715
11432 704
11448 701
11465 677
11481 662
11497 649
11514 642
11530 627
11546 619
11563 615
11579 605
11595 599
11612 590
11628 601
11644 587
11661 587
11677 590
11693 599
11710 590
11726 594
11742 595
11759 602
11775 616
11791 621
11808 635
11824 641
11840 654
11857 664
11873 677
11889 693
11905 706
11922 720
11938 760
11954 756
11971 774
11987 796
12003 814
12020 832
12036 856
12052 876
12070 898
12086 919
12103 946
12119 972
12135 997
12152 1025
12168 1042
12184 1066
12201 1092
12217 1116
12233 1141
12250 1166
12266 1185
12282 1214
12299 1235
12315 1265
12331 1283
12348 1308
12364 1331
12380 1346
12397 1372
12413 1391
12429 1421
12445 1438
12462 1454
12478 1480
12494 1492
12511 1507
12527 1507
12543 1544
12560 1547
12576 1570
12592 1581
12609 1594
12625 1603
12641 1612
12658 1617
12674 1631
12690 1634
12707 1641
12723 1645
12739 1645
12756 1648
12772 1647
12788 1647
12805 1649
12821 1646
12837 1646
12854 1646
12870 1632
12886 1634
12902 1618
12919 1609
12935 1600
12951 1584
12968 1585
12984 1565
13000 1555
13017 1541
13033 1522
13049 1509
13067 1493
13083 1473
13099 1463
13116 1427
13132 1412
13148 1397
13165 1374
13181 1354
13197 1341
13214 1308
13230 1290
13246 1265
13262 1247
13279 1222
13295 1199
13311 1175
13328 1151
13344 1128
13360 1110
13377 1087
13393 1067
13409 1039
13426 1020
13442 1000
13458 975
13475 954
13491 932
13507 909
13524 894
13540 872
13556 854
13573 835
13589 816
13605 800
13622 788
13638 772
13654 762
13671 743
13687 730
13703 727
13719 710
13736 700
13752 714
13768 679
13785 680
13801 666
13817 669
13834 660
13850 657
13866 658
13883 656
13899 659
13915 661
13932 659
13948 660
13964 667
13981 670
13997 677
14013 684
14030 687
14046 703
14063 709
14080 723
14096 736
14113 745
14129 758
14145 774
14162 790
14178 804
14194 827
14211 835
14227 853
14243 871
14260 895
14276 908
14292 933
14309 950
14325 971
14341 993
14357 1008
14374 1033
14390 1066
14406 1075
14423 1101
14439 1127
14455 1142
14472 1166
14488 1184
14504 1205
14521 1218
14537 1252
14553 1269
14570 1288
14586 1312
14602 1323
14619 1350
14635 1376
14651 1389
14668 1398
14684 1423
14700 1439
14717 1456
14733 1477
14749 1481
14766 1493
14782 1509
14798 1520
14814 1533
14831 1541
14847 1548
14863 1559
14880 1565
14896 1571
14912 1579
14929 1574
14945 1590
14961 1582
14978 1590
14994 1590
15010 1591
15027 1591
15043 1584
15060 1589
15077 1581
15093 1578
15110 1568
15126 1561
15142 1554
15159 1551
15175 1536
15191 1531
15208 1508
15224 1502
15240 1489
15257 1470
15273 1462
15289 1448
15306 1425
15322 1415
15338 1398
15355 1385
15371 1362
15387 1348
15404 1330
15420 1314
15436 1291
15452 1273
15469 1252
15485 1230
15501 1212
15518 1191
15534 1174
15550 1154
15567 1132
15583 1107
15599 1088
15616 1068
15632 1047
15648 1027
15665 1008
15681 989
15697 970
15714 960
15730 939
15746 917
15763 903
15779 886
15795 871
15812 855
15828 840
15844 827
15861 814
15877 798
15893 783
15909 785
15926 763
15942 761
15958 747
15975 740
15991 725
16007 731
16024 731
16040 719
16058 719
16074 717
16090 712
16107 710
16123 713
16139 715
16156 718
16172 718
16188 723
16205 730
16221 730
16237 741
16254 743
16270 758
16286 753
16303 776
16319 785
16335 792
16352 805
16368 814
16384 832
16401 844
16417 866
16433 881
16450 887
16466 901
16482 932
16499 944
16515 960
16531 976
16547 995
16564 1012
16580 1032
16596 1056
16613 1075
16629 1091
16645 1110
16662 1120
16678 1148
16694 1155
16711 1180
16727 1184
16743 1218
16760 1239
16776 1255
16792 1275
16809 1295
16825 1317
16841 1331
16858 1347
16874 1359
16890 1375
16907 1395
16923 1401
16939 1425
16956 1431
16972 1445
16988 1460
17004 1477
17021 1480
17037 1489
17055 1495
17072 1509
17088 1513
17105 1512
17121 1518
17137 1531
17154 1529
17170 1532
17186 1545
17203 1539
17219 1535
17235 1543
17252 1539
17268 1537
17284 1528
17301 1526
17317 1526
17333 1518
17350 1514
17366 1506
17382 1493
17399 1488
17415 1479
17431 1471
17448 1460
17464 1467
17480 1438
17497 1429
17513 1412
17529 1405
17546 1384
17562 1365
17578 1357
17594 1334
17611 1318
17627 1305
17643 1288
17660 1273
17676 1265
17692 1235
17709 1216
17725 1204
17741 1177
17758 1155
17774 1143
17790 1129
17807 1109
17823 1088
17839 1077
17856 1060
17872 1039
17888 1023
17905 1004
17921 991
17937 976
17954 956
17970 942
17986 918
18003 913
18019 902
18035 883
18051 878
18069 861
18085 846
18102 829
18118 828
18134 811
18151 801
18167 796
18183 789
18200 783
18216 779
18232 774
18249 769
18265 768
18281 772
18298 763
18314 765
18330 756
18346 767
18363 763
18379 764
18395 817
18412 772
18428 774
18444 780
18461 780
18477 791
18493 795
18510 818
18526 811
18542 830
18559 834
18575 845
18591 857
18608 869
18624 876
18640 892
18657 902
18673 920
18689 940
18706 946
18722 965
18738 983
18755 990
18771 1008
18787 1023
18803 1043
18820 1044
18836 1071
18852 1087
18869 1101
18885 1124
18901 1142
18918 1160
18934 1176
18950 1198
18967 1211
18983 1224
18999 1239
19016 1257
19032 1274
19048 1281
19066 1303
19082 1322
19099 1335
19115 1347
19131 1359
19148 1375
19164 1379
19180 1394
19197 1411
19213 1410
19229 1423
19246 1440
19262 1443
19278 1463
19295 1460
19311 1468
19327 1465
19344 1477
19360 1480
19376 1482
19392 1490
19409 1490
19425 1486
19441 1489
19458 1492
19474 1485
19490 1489
19507 1485
19523 1484
19539 1476
19556 1477
19572 1464
19588 1460
19605 1441
19621 1462
19637 1443
19654 1425
19670 1423
19686 1410
19703 1404
19719 1394
19735 1378
19752 1371
19768 1354
19784 1344
19801 1324
19817 1314
19833 1302
19849 1281
19866 1274
19882 1259
19898 1236
19915 1225
19931 1211
19947 1190
19964 1177
19980 1163
19996 1146
20013 1137
20029 1109
20045 1100
20063 1087
20079 1070
20096 1056
20112 1039
20128 1020
20145 1009
20161 994
20177 976
20194 971
20210 950
20226 947
20243 931
20259 912
20275 906
20292 892
20308 882
20324 883
20341 858
20357 862
20373 847
20390 840
20406 840
20422 833
20439 824
20455 820
20471 813
20487 809
20504 801
20520 801
20536 802
20553 805
20569 807
20585 806
20602 792
20618 812
20634 823
20651 817
20667 820
20683 824
20700 832
20716 839
20732 842
20749 856
20765 869
20781 876
20798 882
20814 891
20830 899
20847 913
20863 922
20879 933
20896 947
20912 953
20928 973
20944 979
20961 1000
20977 1010
20993 1018
21010 1037
21026 1051
21042 1074
21060 1089
21076 1098
21093 1118
21109 1131
21125 1145
21142 1162
21158 1176
21174 1191
21191 1205
21207 1201
21223 1234
21240 1245
21256 1270
21272 1273
21289 1285
21305 1295
21321 1312
21338 1307
21354 1336
21370 1347
21387 1353
21403 1373
21419 1376
21436 1387
21452 1399
21468 1400
21485 1415
21501 1417
21517 1427
21534 1429
21550 1446
21566 1438
21582 1447
21599 1448
21615 1454
21631 1445
21648 1458
21664 1453
21680 1451
21697 1456
21713 1448
21729 1448
21746 1447
21762 1445
21778 1443
21795 1435
21811 1424
21827 1422
21844 1417
21860 1385
21876 1401
21893 1391
21909 1381
21925 1379
21942 1367
21958 1396
21974 1346
21991 1330
22007 1322
22023 1307
22039 1297
22057 1286
22073 1270
22090 1259
22106 1246
22123 1231
22139 1222
22155 1205
22172 1193
22188 1177
22204 1163
22220 1149
22237 1136
22253 1112
22269 1105
22286 1093
22302 1093
22318 1067
22335 1048
22351 1039
22367 1024
22384 1009
22400 998
22416 989
22433 972
22449 967
22465 954
22482 944
22498 933
22514 927
22531 918
22547 906
22563 898
22580 890
22596 883
22612 880
22629 881
22645 868
22661 859
22677 856
22694 853
22710 851
22726 845
22743 846
22759 841
22775 842
22792 846
22808 845
22824 851
22841 852
22857 849
22873 858
22890 861
22906 852
22922 868
22939 874
22955 876
22971 890
22988 895
23004 906
23020 913
23037 921
23055 928
23072 939
23088 951
23105 959
23121 970
23138 986
23154 999
23170 1010
23187 1020
23203 1038
23219 1041
23236 1058
23252 1036
23268 1083
23285 1092
23301 1105
23317 1117
23333 1137
23350 1148
23366 1159
23382 1172
23399 1191
23415 1204
23431 1207
23448 1217
23464 1233
23480 1245
23497 1262
23513 1274
23529 1284
23546 1294
23562 1304
23578 1309
23595 1325
23611 1332
23627 1346
23644 1345
23660 1360
23676 1368
23693 1372
23709 1372
23725 1385
23742 1396
23758 1400
23774 1400
23790 1390
23807 1403
23823 1406
23839 1410
23856 1413
23872 1416
23888 1418
23905 1414
23921 1421
23937 1412
23954 1408
23970 1413
23986 1404
24003 1396
24019 1399
24035 1391
24052 1375
24069 1385
24086 1375
24102 1367
24119 1356
24135 1350
24151 1341
24168 1333
24184 1320
24200 1318
24217 1307
24233 1297
24249 1284
24265 1274
24282 1263
24298 1251
24314 1236
24331 1228
24347 1215
24363 1204
24380 1189
24396 1178
24412 1163
24429 1155
24445 1139
24461 1126
24478 1108
24494 1112
24510 1091
24527 1077
24543 1064
24559 1053
24576 1047
24592 1035
24608 1026
24625 1016
24641 1001
24657 993
24674 980
24690 972
24706 956
24722 952
24739 944
24755 940
24771 928
24788 922
24804 913
24820 909
24837 885
24853 895
24869 896
24886 890
24902 883
24918 885
24935 881
24951 883
24967 879
24984 884
25000 880
25016 879
25033 880
25049 883
25066 883
25083 884
25099 887
25115 894
25132 894
25148 903
25164 906
25181 910
25197 917
25213 927
25230 923
25246 941
25262 944
25279 960
25295 964
25311 977
25328 983
25344 995
25360 1002
25377 1011
25393 1023
25409 1037
25426 1047
25442 1058
25458 1065
25474 1080
25491 1089
25507 1101
25523 1112
25540 1123
25556 1134
25572 1148
25589 1151
25605 1173
25621 1175
25638 1195
25654 1216
25670 1216
25687 1231
25703 1237
25719 1248
25736 1261
25752 1268
25768 1279
25785 1282
25801 1297
25817 1306
25834 1314
25850 1319
25866 1325
25883 1336
25899 1343
25915 1346
25931 1348
25948 1357
25964 1361
25980 1362
25997 1368
26013 1372
26029 1379
26046 1373
26063 1381
26080 1385
26096 1380
26112 1383
26129 1382
26145 1382
26161 1373
26178 1371
26194 1370
26210 1379
26227 1360
26243 1363
26259 1355
26276 1367
26292 1347
26308 1343
26325 1334
26341 1329
26357 1327
26374 1319
26390 1307
26406 1302
26423 1294
26439 1282
26455 1272
26472 1267
26488 1253
26504 1247
26521 1231
26537 1227
26553 1215
26569 1206
26586 1191
26602 1176
26618 1169
26635 1144
26651 1146
26667 1131
26684 1128
26700 1113
26716 1107
26733 1098
26749 1075
26765 1076
26782 1053
26798 1054
26814 1041
26831 1034
26847 1019
26863 1019
26880 1002
26896 999
26912 989
26929 988
26945 973
26961 965
26978 948
26994 953
27010 946
27026 941
27043 935
27060 935
27077 926
27093 926
27110 917
27126 914
27142 905
27159 915
27175 908
27191 908
27207 914
27224 909
27240 908
27256 906
27273 910
27289 912
27305 912
27322 918
27338 907
27354 919
27371 926
27387 929
27403 936
27420 943
27436 951
27452 947
27469 960
27485 968
27501 977
27518 985
27534 992
27550 1001
27567 1014
27583 1020
27599 1026
27616 1038
27632 1050
27648 1061
27664 1064
27681 1078
27697 1089
27713 1085
27730 1104
27746 1111
27762 1129
27779 1132
27795 1149
27811 1159
27828 1167
27844 1178
27860 1198
27877 1196
27893 1210
27909 1223
27926 1228
27942 1238
27958 1244
27975 1254
27991 1264
28007 1270
28024 1283
28040 1278
28057 1286
28074 1305
28090 1303
28107 1316
28123 1315
28139 1325
28156 1322
28172 1340
28188 1337
28205 1343
28221 1344
28237 1352
28254 1352
28270 1358
28286 1357
28302 1351
28319 1357
28335 1358
28351 1353
28368 1355
28384 1352
28400 1350
28417 1331
28433 1358
28449 1341
28466 1338
28482 1333
28498 1337
28515 1328
28531 1326
28547 1317
28564 1310
28580 1304
28596 1297
28613 1293
28629 1281
28645 1281
28662 1279
28678 1262
28694 1255
28711 1244
28727 1228
28743 1228
28759 1221
28776 1202
28792 1197
28808 1180
28825 1176
28841 1172
28857 1165
28874 1150
28890 1144
28906 1134
28923 1128
28939 1115
28955 1108
28972 1093
28988 1091
29004 1073
29021 1067
29037 1054
29055 1050
29072 1035
29088 1031
29104 1014
29121 1013
29137 1020
29153 991
29170 994
29186 988
29202 982
29219 982
29235 968
29251 963
29268 960
29284 954
29300 944
29317 945
29333 948
29349 941
29366 946
29382 940
29398 935
29415 900
29431 938
29447 937
29464 933
29480 933
29496 924
29513 936
29529 946
29545 941
29561 952
29578 943
29594 951
29610 956
29627 997
29643 969
29659 971
29676 975
29692 988
29708 989
29725 995
29741 1002
29757 1008
29774 1015
29790 1020
29806 1031
29823 1038
29839 1047
29855 1054
29872 1060
29888 1072
29904 1082
29921 1092
29937 1098
29953 1101
29970 1113
29986 1132
30002 1146
30018 1143
30035 1153
30051 1160
30069 1171
30085 1183
30101 1186
30118 1203
30134 1203
30150 1225
30167 1220
30183 1246
30199 1233
30215 1247
30232 1255
30248 1262
30264 1266
30281 1271
30297 1280
30313 1287
30330 1289
30346 1311
30362 1301
30379 1291
30395 1304
30411 1312
30428 1317
30444 1314
30460 1337
30477 1327
30493 1322
30509 1330
30526 1327
30542 1326
30558 1332
30575 1327
30591 1330
30607 1326
30624 1322
30640 1319
30656 1320
30672 1317
30689 1324
30705 1315
30721 1302
30738 1309
30754 1299
30770 1294
30787 1288
30803 1283
30819 1284
30836 1270
30852 1266
30868 1257
30885 1250
30901 1244
30917 1235
30934 1222
30950 1203
30966 1215
30983 1202
30999 1208
31015 1189
31032 1182
31048 1173
31065 1164
31082 1156
31098 1147
31115 1139
31131 1130
31147 1121
31164 1111
31180 1096
31196 1092
31212 1087
31229 1077
31245 1070
31261 1062
31278 1056
31294 1048
31310 1040
31327 1030
31343 1029
31359 1020
31376 1017
31392 1007
31408 1003
31425 994
31441 988
31457 987
31474 982
31490 977
31506 976
31523 970
31539 965
31555 964
31572 961
31588 957
31604 958
31621 949
31637 953
31653 956
31669 952
31686 955
31702 957
31718 956
31735 958
31751 958
31767 964
31784 963
31800 965
31816 970
31833 976
31849 978
31865 984
31882 990
31898 993
31914 994
31931 1003
31947 1007
31963 1013
31980 1021
31996 1018
32012 1034
32029 1036
32045 1047
32062 1050
32079 1062
32095 1070
32112 1079
32128 1077
32144 1095
32161 1100
32177 1149
32193 1116
32210 1128
32226 1131
32242 1146
32259 1151
32275 1158
32291 1165
32307 1174
32324 1175
32340 1193
32356 1192
32373 1206
32389 1212
32405 1215
32422 1230
32438 1230
32454 1242
32471 1242
32487 1252
32503 1257
32520 1263
32536 1266
32552 1263
32569 1284
32585 1282
32601 1288
32618 1286
32634 1289
32650 1294
32667 1296
32683 1298
32699 1303
32716 1302
32732 1304
32748 1305
32764 1302
32781 1308
32797 1307
32813 1309
32830 1306
32846 1301
32862 1299
32879 1317
32895 1301
32911 1299
32928 1290
32944 1283
32960 1283
32977 1281
32993 1274
33009 1272
33026 1268
33042 1271
33059 1252
33076 1248
33092 1239
33109 1239
33125 1227
33141 1227
33158 1214
33174 1212
33190 1208
33207 1198
33223 1192
33239 1183
33256 1173
33272 1172
33288 1169
33305 1151
33321 1144
33337 1140
33354 1112
33370 1122
33386 1113
33402 1124
33419 1100
33435 1087
33451 1080
33468 1077
33484 1073
33500 1070
