2 410
55 922
71 911
88 895
104 865
120 851
137 827
153 801
169 782
185 762
202 736
218 718
234 701
251 679
267 651
283 637
300 613
316 592
332 577
349 555
365 538
381 515
398 502
414 489
430 473
447 457
463 434
479 425
496 410
512 405
528 389
545 371
561 377
578 361
595 345
611 334
628 333
644 321
661 318
677 312
693 304
710 288
726 299
742 296
758 297
775 294
791 291
807 290
824 285
840 299
856 297
873 302
889 305
905 305
922 318
938 327
954 329
971 340
987 346
1003 353
1020 368
1036 375
1052 387
1069 398
1085 413
1101 420
1118 435
1134 460
1150 468
1167 479
1183 497
1199 513
1215 523
1232 526
1248 565
1264 582
1281 603
1297 623
1313 639
1330 658
1346 690
1362 701
1379 718
1395 741
1411 767
1428 783
1444 803
1460 828
1477 851
1493 874
1509 899
1526 919
1542 938
1558 958
1576 977
1592 1004
1609 1049
1625 1053
1642 1073
1658 1101
1674 1116
1691 1156
1707 1171
1723 1184
1740 1206
1756 1228
1772 1244
1788 1272
1805 1293
1821 1311
1837 1327
1854 1347
1870 1358
1886 1382
1903 1397
1919 1424
1935 1418
1952 1451
1968 1476
1984 1483
2001 1494
2017 1516
2033 1519
2050 1539
2066 1549
2082 1566
2099 1576
2115 1588
2131 1595
2148 1604
2164 1610
2180 1623
2197 1629
2213 1640
2229 1638
2245 1648
2262 1647
2278 1668
2294 1659
2311 1649
2327 1668
2343 1668
2360 1666
2376 1670
2392 1676
2409 1674
2425 1674
2441 1668
2458 1660
2474 1655
2490 1650
2507 1654
2523 1656
2539 1630
2556 1625
2573 1616
2590 1610
2606 1591
2622 1578
2639 1566
2655 1565
2671 1553
2688 1578
2704 1527
2720 1514
2737 1495
2753 1482
2769 1472
2785 1460
2802 1438
2818 1424
2834 1407
2851 1381
2867 1372
2883 1354
2900 1339
2916 1316
2932 1296
2949 1280
2965 1254
2981 1247
2998 1222
3014 1197
3030 1180
3047 1164
3063 1141
3079 1125
3096 1095
3112 1079
3128 1061
3145 1040
3161 1019
3177 997
3194 974
3210 963
3226 933
3242 915
3259 894
3275 889
3291 852
3308 833
3324 812
3340 797
3357 772
3373 755
3389 741
3406 722
3422 703
3438 696
3455 675
3471 655
3487 638
3504 622
3520 606
3536 589
3553 575
3569 568
3587 549
3603 536
3620 526
3636 507
3652 475
3669 486
3685 475
3701 457
3718 458
3734 453
3750 442
3767 437
3783 430
3799 421
3815 417
3832 405
3848 408
3864 398
3881 403
3897 405
3913 397
3930 397
3946 320
3962 396
3979 398
3995 397
4011 399
4028 401
4044 400
4060 407
4077 418
4093 422
4109 433
4126 431
4142 442
4158 457
4175 458
4191 463
4207 475
4224 489
4240 504
4256 505
4272 524
4289 534
4305 549
4321 560
4338 572
4354 585
4370 597
4387 626
4403 629
4419 642
4436 657
4452 682
4468 697
4485 718
4501 731
4517 749
4534 765
4550 784
4566 798
4584 831
4600 830
4616 853
4633 876
4649 896
4665 913
4682 939
4698 949
4714 970
4731 983
4747 1007
4763 1027
4780 1041
4796 1066
4812 1091
4829 1096
4845 1124
4861 1144
4878 1160
4894 1179
4910 1176
4927 1213
4943 1231
4959 1244
4975 1265
4992 1286
5008 1297
5024 1312
5041 1333
5057 1344
5073 1352
5090 1367
5106 1387
5122 1395
5139 1413
5155 1421
5171 1439
5188 1453
5204 1469
5220 1473
5237 1484
5253 1496
5269 1509
5286 1510
5302 1518
5318 1527
5335 1539
5351 1538
5367 1551
5384 1544
5400 1559
5416 1571
5432 1563
5449 1570
5465 1568
5481 1570
5498 1572
5514 1568
5530 1567
5547 1574
5563 1573
5581 1566
5597 1568
5613 1564
5630 1560
5646 1562
5663 1549
5679 1545
5695 1539
5712 1536
5728 1525
5744 1518
5761 1517
5777 1504
5793 1488
5810 1482
5826 1472
5842 1459
5859 1450
5875 1451
5891 1431
5908 1416
5924 1410
5940 1391
5957 1372
5973 1364
5989 1351
6005 1333
6022 1315
6038 1266
6054 1292
6071 1273
6087 1252
6103 1240
6120 1222
6136 1207
6152 1186
6169 1169
6185 1156
6201 1137
6218 1120
6234 1103
6250 1090
6267 1067
6283 1050
6299 1037
6316 1012
6332 999
6348 981
6365 964
6381 950
6397 926
6414 911
6430 897
6446 878
6462 864
6479 843
6495 829
6511 815
6528 795
6544 776
6560 762
6578 747
6594 737
6611 717
6627 706
6644 691
6660 678
6676 668
6693 649
6709 638
6725 627
6742 619
6758 608
6774 598
6791 583
6807 573
6823 565
6840 563
6856 545
6872 542
6889 524
6905 527
6921 531
6938 516
6954 513
6970 510
6987 504
7003 502
7019 501
7035 498
7052 496
7068 493
7084 492
7101 495
7117 491
7133 490
7150 493
7166 499
7182 510
7199 505
7215 497
7231 511
7248 515
7264 520
7280 527
7297 528
7313 542
7329 540
7346 557
7362 566
7378 570
7395 580
7411 588
7427 596
7444 609
7460 623
7476 629
7492 646
7509 650
7525 669
7541 682
7558 684
7575 717
7592 725
7608 733
7625 746
7641 766
7657 767
7674 795
7690 808
7706 821
7723 840
7739 857
7755 867
7772 889
7788 899
7804 914
7821 936
7837 948
7853 969
7870 986
7886 995
7902 1015
7919 1030
7935 1047
7951 1062
7968 1071
7984 1099
8000 1113
8017 1125
8033 1143
8049 1157
8065 1175
8082 1193
8098 1204
8114 1216
8131 1232
8147 1245
8163 1264
8180 1272
8196 1286
8212 1299
8229 1309
8245 1325
8261 1337
8278 1346
8294 1356
8310 1369
8327 1376
8343 1389
8359 1397
8376 1404
8392 1411
8408 1420
8425 1432
8441 1436
8457 1446
8474 1455
8490 1457
8506 1462
8522 1472
8539 1472
8555 1477
8573 1483
8590 1478
8606 1475
8623 1485
8639 1485
8655 1488
8672 1490
8688 1491
8704 1485
8721 1486
8737 1480
8753 1482
8770 1478
8786 1473
8802 1474
8819 1467
8835 1467
8851 1459
8868 1450
8884 1450
8900 1439
8917 1434
8933 1427
8949 1417
8966 1407
8982 1406
8998 1384
9015 1382
9031 1368
9047 1361
9064 1353
9080 1341
9096 1329
9112 1321
9129 1303
9145 1295
9161 1282
9178 1268
9194 1257
9210 1243
9227 1226
9243 1214
9259 1200
9276 1189
9292 1170
9308 1159
9325 1144
9341 1120
9357 1109
9374 1107
9390 1078
9406 1078
9423 1049
9439 1044
9455 1026
9472 1012
9488 995
9504 972
9521 962
9537 950
9553 932
9569 920
9587 920
9603 897
9620 872
9636 863
9652 849
9669 835
9685 815
9701 807
9718 787
9734 781
9750 765
9767 755
9783 744
9799 734
9816 717
9832 711
9848 696
9864 689
9881 674
9897 675
9913 661
9930 649
9946 646
9962 642
9979 630
9995 620
10011 612
10028 609
10044 606
10060 601
10077 591
10093 584
10109 587
10126 577
10142 574
10158 575
10175 567
10191 571
10207 567
10224 564
10240 567
10256 568
10273 563
10289 567
10305 571
10321 570
10338 569
10354 573
10370 574
10387 580
10403 588
10419 585
10436 595
10452 609
10468 608
10485 597
10501 623
10517 630
10534 633
10550 646
10566 654
10584 658
10600 672
10617 675
10633 690
10650 700
10666 714
10682 720
10699 735
10715 735
10731 755
10748 768
10764 774
10780 784
10797 803
10813 810
10829 826
10845 842
10862 853
10878 870
10894 877
10911 896
10927 907
10943 924
10960 935
10976 948
10992 964
11009 979
11025 983
11041 1007
11058 1012
11074 1036
11090 1049
11107 1018
11123 1067
11139 1083
11156 1097
11172 1112
11188 1125
11205 1145
11221 1150
11237 1161
11254 1176
11270 1193
11286 1201
11302 1215
11319 1227
11335 1236
11351 1246
11368 1258
11384 1270
11400 1279
11417 1291
11433 1297
11449 1308
11466 1317
11482 1316
11498 1335
11515 1338
11531 1348
11547 1355
11564 1366
11581 1371
11597 1380
11614 1383
11630 1387
11647 1382
11663 1401
11680 1400
11696 1403
11712 1413
11729 1412
11745 1413
11761 1414
11778 1416
11794 1412
11810 1420
11827 1417
11843 1421
11859 1421
11875 1415
11892 1410
11908 1414
11924 1408
11941 1410
11957 1403
11973 1397
11990 1394
12006 1392
12022 1380
12039 1386
12055 1370
12071 1370
12088 1361
12104 1355
12120 1349
12137 1337
12153 1330
12169 1326
12186 1325
12202 1307
12218 1298
12235 1282
12251 1287
12267 1270
12284 1259
12300 1249
12316 1243
12332 1231
12349 1199
12365 1204
12381 1194
12398 1181
12414 1168
12430 1156
12447 1143
12463 1132
12479 1119
12496 1113
12512 1094
12528 1083
12545 1076
12561 1045
12578 1040
12595 1038
12611 1023
12628 1003
12644 990
12661 981
12677 963
12693 951
12710 937
12726 923
12742 922
12759 877
12775 893
12791 881
12808 869
12824 858
12840 843
12857 826
12873 824
12889 805
12905 795
12922 793
12938 780
12954 765
12971 767
12987 753
13003 768
13020 733
13036 728
13052 718
13069 720
13085 706
13101 694
13118 691
13134 681
13150 680
13167 671
13183 673
13199 662
13216 668
13232 665
13248 637
13265 647
13281 625
13297 636
13314 635
13330 632
13346 636
13362 633
13379 637
13395 635
13411 636
13428 635
13444 636
13460 636
13477 642
13493 641
13509 644
13526 651
13542 644
13558 656
13576 655
13592 662
13609 664
13625 671
13642 669
13658 675
13674 690
13691 693
13707 706
13723 713
13740 716
13756 723
13772 733
13789 741
13805 752
13821 757
13838 770
13854 776
13870 777
13887 795
13903 808
13919 816
13935 832
13952 837
13968 850
13984 863
14001 875
14017 882
14033 915
14050 903
14066 920
14082 940
14099 943
14115 972
14131 964
14148 974
14164 993
14180 1001
14197 1016
14213 1022
14229 1036
14246 1046
14262 1059
14278 1065
14295 1084
14311 1095
14327 1104
14344 1112
14360 1122
14376 1134
14392 1144
14409 1158
14425 1170
14441 1183
14458 1199
14474 1197
14490 1210
14507 1237
14523 1227
14539 1237
14556 1241
14573 1249
14589 1327
14606 1267
14622 1279
14639 1283
14655 1288
14672 1297
14688 1304
14704 1307
14721 1311
14737 1330
14753 1323
14770 1331
14786 1340
14802 1342
14819 1344
14835 1340
14851 1344
14868 1344
14884 1350
14900 1356
14917 1364
14933 1353
14949 1348
14965 1357
14982 1354
14998 1357
15014 1353
15031 1360
15047 1347
15063 1347
15080 1350
15096 1345
15112 1334
15129 1333
15145 1300
15161 1335
15178 1325
15194 1324
15210 1319
15227 1311
15243 1305
15259 1300
15276 1297
15292 1287
15308 1281
15325 1275
15341 1264
15357 1266
15374 1249
15390 1262
15406 1233
15422 1224
15439 1214
15455 1203
15471 1201
15488 1190
15504 1175
15520 1170
15537 1156
15553 1151
15569 1139
15587 1128
15603 1119
15620 1101
15636 1100
15652 1081
15669 1076
15685 1062
15701 1055
15718 1035
15734 1030
15750 1024
15767 1006
15783 993
15799 990
15816 974
15832 963
15848 955
15865 944
15881 935
15897 928
15914 913
15930 903
15946 897
15963 886
15979 874
15995 866
16012 856
16028 846
16044 837
16060 827
16077 817
16093 809
16109 794
16126 790
16142 783
16158 779
16175 784
16191 762
16207 753
16224 752
16240 746
16256 739
16273 735
16289 728
16305 713
16322 713
16338 711
16354 710
16371 703
16387 701
16403 695
16420 700
16436 692
16452 679
16469 687
16485 683
16501 688
16517 683
16534 681
16550 694
16566 681
16584 688
16601 686
16617 687
16633 686
16650 686
16666 695
16682 696
16699 707
16715 697
16731 710
16748 710
16764 714
16780 709
16797 732
16813 720
16829 735
16846 736
16862 747
16878 751
16895 756
16911 766
16927 778
16944 779
16960 790
16976 794
16993 799
17009 812
17025 816
17042 829
17058 837
17074 841
17090 853
17107 861
17123 875
17139 879
17156 888
17172 900
17188 912
17205 911
17221 930
17237 936
17254 949
17270 961
17286 968
17303 980
17319 989
17335 999
17352 1012
17368 1018
17384 1030
17401 1042
17417 1048
17433 1056
17450 1069
17466 1074
17482 1087
17499 1095
17515 1107
17531 1116
17547 1121
17564 1133
17581 1148
17598 1154
17614 1165
17631 1173
17647 1183
17663 1190
17680 1188
17696 1200
17712 1211
17729 1218
17745 1219
17761 1231
17778 1234
17794 1242
17810 1249
17827 1246
17843 1261
17859 1254
17876 1268
17892 1269
17908 1275
17925 1280
17941 1290
17957 1284
17974 1288
17990 1295
18006 1293
18023 1302
18039 1294
18055 1302
18072 1304
18088 1301
18104 1303
18120 1306
18137 1304
18153 1313
18169 1301
18186 1301
18202 1300
18218 1293
18235 1295
18251 1277
18267 1285
18284 1286
18300 1282
18316 1286
18333 1282
18349 1272
18365 1266
18382 1261
18398 1258
18414 1259
18431 1250
18447 1244
18463 1237
18480 1234
18496 1228
18512 1221
18529 1212
18545 1208
18561 1196
18579 1188
18595 1181
18612 1173
18628 1167
18645 1160
18661 1149
18677 1142
18693 1139
18710 1123
18726 1117
18742 1113
18759 1092
18775 1089
18791 1084
18808 1070
18824 1068
18840 1052
18857 1046
18873 1037
18889 1023
18906 1016
18922 1003
18938 996
18955 990
18971 980
18987 971
19004 961
19020 954
19036 950
19053 937
19069 927
19085 924
19102 908
19118 903
19134 895
19150 886
19167 882
19183 869
19199 862
19216 858
19232 846
19248 841
19265 832
19281 825
19297 822
19314 812
19330 800
19346 799
19363 793
19379 794
19395 783
19412 781
19428 777
19444 772
19461 766
19477 768
19493 764
19510 756
19526 756
19542 749
19559 747
19576 747
19593 745
19609 742
19626 742
19642 737
19658 739
19675 735
19691 734
19707 738
19723 734
19740 733
19756 748
19772 740
19789 742
19805 744
19821 744
19838 748
19854 747
19870 749
19887 758
19903 757
19919 766
19936 762
19952 768
19968 774
19985 777
20001 783
20017 783
20034 792
20050 799
20066 801
20083 812
20099 815
20115 828
20132 832
20148 841
20164 844
20180 848
20197 863
20213 865
20229 875
20246 881
20262 880
20278 896
20295 902
20311 913
20327 924
20344 925
20360 932
20376 948
20393 948
20409 963
20425 968
20442 977
20458 988
20474 994
20491 1004
20507 1010
20523 1018
20540 1035
20556 1037
20573 1048
20590 1054
20606 1060
20623 1070
20639 1078
20656 1088
20672 1094
20688 1114
20705 1108
20721 1122
20737 1123
20753 1129
20770 1142
20786 1147
20802 1156
20819 1165
20835 1173
20851 1171
20868 1184
20884 1178
20900 1191
20917 1199
20933 1202
20949 1207
20966 1212
20982 1218
20998 1222
21015 1228
21031 1229
21047 1225
21064 1233
21080 1242
21096 1243
21113 1248
21129 1250
21145 1252
21162 1249
21178 1264
21194 1259
21210 1255
21227 1254
21243 1258
21259 1256
21276 1256
21292 1261
21308 1257
21325 1257
21341 1262
21357 1254
21374 1252
21390 1251
21406 1254
21423 1241
21439 1245
21455 1242
21472 1242
21488 1230
21504 1242
21521 1231
21537 1226
21553 1219
21570 1214
21587 1214
21604 1206
21620 1212
21637 1205
21653 1195
21669 1186
21686 1181
21702 1168
21718 1169
21735 1160
21751 1152
21767 1149
21783 1156
21800 1136
21816 1128
21832 1127
21849 1118
21865 1107
21881 1144
21898 1093
21914 1088
21930 1082
21947 1070
21963 1062
21979 1055
21996 1045
22012 1039
22028 1030
22045 1024
22061 1017
22077 1002
22094 1002
22110 995
22126 982
22143 978
22159 966
22175 963
22192 949
22208 946
22224 939
22240 936
22257 920
22273 922
22289 910
22306 905
22322 896
22338 893
22355 887
22371 878
22387 867
22404 865
22420 853
22436 856
22453 849
22469 839
22485 821
22502 834
22518 820
22534 822
22551 810
22567 818
22584 811
22601 802
22617 804
22634 797
22650 805
22666 796
22683 789
22699 786
22715 782
22732 784
22748 784
22764 780
22781 777
22797 781
22813 776
22830 777
22846 777
22862 781
22879 777
22895 778
22911 780
22927 779
22944 783
22960 786
22976 785
22993 786
23009 787
23025 789
23042 783
23058 800
23074 796
23091 808
23107 809
23123 811
23140 811
23156 828
23172 823
23189 824
23205 832
23221 832
23238 843
23254 844
23270 854
23287 857
23303 862
23319 876
23336 872
23352 887
23368 886
23384 894
23401 899
23417 905
23433 915
23450 917
23466 923
23482 932
23499 937
23515 942
23531 956
23548 960
23564 961
23581 973
23598 984
23614 994
23631 1017
23647 998
23664 1014
23680 1022
23696 1026
23713 1025
23729 1035
23745 1045
23762 1054
23778 1057
23794 1075
23811 1075
23827 1079
23843 1080
23860 1096
23876 1103
23892 1109
23909 1112
23925 1118
23941 1124
23957 1128
23974 1138
23990 1152
24006 1162
24023 1153
24039 1162
24055 1164
24072 1167
24088 1169
24104 1174
24121 1179
24137 1183
24153 1186
24170 1187
24186 1190
24202 1199
24219 1203
24235 1240
24251 1205
24268 1204
24284 1212
24300 1210
24317 1220
24333 1214
24349 1217
24366 1213
24382 1223
24398 1214
24414 1222
24431 1212
24447 1222
24463 1228
24480 1218
24496 1215
24512 1214
24529 1213
24545 1215
24561 1207
24579 1209
24595 1206
24612 1204
24628 1197
24645 1201
24661 1203
24677 1193
24694 1194
24710 1189
24726 1185
24743 1180
24759 1175
24775 1168
24792 1168
24808 1161
24824 1158
24841 1153
24857 1145
24873 1144
24890 1147
24906 1081
24922 1129
24939 1125
24955 1120
24971 1106
24987 1102
25004 1097
25020 1089
25036 1082
25053 1084
25069 1071
25085 1068
25102 1069
25118 1051
25134 1049
25151 1042
25167 1032
25183 1037
25200 1020
25216 1017
25232 1000
25249 1012
25265 992
25281 988
25298 979
25314 978
25330 964
25347 960
25363 956
25379 952
25396 940
25412 937
25428 931
25444 926
25461 921
25477 922
25493 878
25510 916
25526 900
25542 897
25559 885
25576 883
25593 891
25609 874
25626 868
25642 862
25658 858
25675 852
25691 851
25707 847
25724 844
25740 841
25756 842
25773 838
25789 833
25805 830
25822 834
25838 815
25854 827
25871 824
25887 821
25903 820
25920 814
25936 814
25952 818
25969 815
25985 815
26001 814
26017 811
26034 815
26050 823
26066 809
26083 811
26099 816
26115 819
26132 817
26148 827
26164 825
26181 825
26197 828
26213 876
26230 834
26246 837
26262 843
26279 843
26295 848
26311 850
26328 852
26344 848
26360 864
26377 866
26393 876
26409 876
26426 877
26442 886
26458 886
26474 897
26491 896
26507 905
26523 909
26540 917
26556 916
26574 926
26590 931
26607 934
26623 938
26639 945
26656 957
26672 965
26688 975
26705 965
26721 979
26737 980
26754 993
26770 1005
26786 991
26803 1016
26819 1014
26835 1018
26852 1032
26868 1029
26884 1029
26901 1046
26917 1055
26933 1057
26950 1068
26966 1063
26982 1080
26999 1078
27015 1088
27031 1092
27047 1099
27064 1097
27080 1104
27096 1112
27113 1119
27129 1121
27145 1123
27162 1130
27178 1139
27194 1140
27211 1147
27227 1152
27243 1151
27260 1156
27276 1159
27292 1166
27309 1164
27325 1166
27341 1177
27358 1178
27374 1176
27390 1177
27407 1162
27423 1186
27439 1184
27456 1179
27472 1185
27488 1182
27504 1186
27521 1188
27537 1189
27553 1191
27570 1192
27587 1193
27604 1187
27620 1190
27636 1186
27653 1189
27669 1190
27685 1187
27701 1183
27718 1184
27734 1180
27750 1176
27767 1178
27783 1172
27799 1171
27816 1169
27832 1177
27848 1160
27865 1158
27881 1163
27897 1157
27914 1166
27930 1143
27946 1151
27963 1142
27979 1133
27995 1134
28012 1122
28028 1126
28044 1119
28061 1119
28077 1111
28093 1104
28110 1102
28126 1097
28142 1084
28158 1084
28175 1076
28191 1070
28207 1064
28224 1062
28240 1057
28256 1057
28273 1048
28289 1047
28305 1040
28322 1029
28338 1027
28354 1025
28371 1008
28387 1011
28403 999
28420 999
28436 992
28452 985
28469 981
28485 974
28501 967
28518 965
28534 951
28550 955
28567 944
28584 935
28600 939
28617 934
28633 921
28649 923
28666 922
28682 902
28698 912
28715 905
28731 901
28747 895
28764 890
28780 885
28796 888
28813 875
28829 883
28845 873
28861 868
28878 869
28894 863
28910 861
28927 860
28943 852
28959 858
28976 854
28992 856
29008 850
29025 850
29041 848
29057 828
29074 847
29090 844
29106 843
29123 844
29139 841
29155 839
29172 843
29188 839
29204 839
29221 844
29237 844
29253 848
29270 847
29286 848
29302 846
29318 847
29335 851
29351 856
29367 858
29384 860
29400 862
29416 866
29433 866
29449 870
29465 872
29482 873
29498 876
29514 887
29531 900
29547 888
29563 892
29581 890
29597 900
29614 905
29630 904
29647 911
29663 921
29679 922
29696 931
29712 936
29728 935
29745 941
29761 947
29777 951
29794 951
29810 957
29826 969
29843 961
29859 986
29875 984
29891 985
29908 988
29924 996
29940 998
29957 1003
29973 1013
29989 1017
30006 1024
30022 1028
30038 1030
30055 1036
30071 1047
30087 1048
30104 1054
30120 1062
30136 1060
30153 1070
30169 1072
30185 1076
30202 1086
30218 1082
30234 1088
30251 1098
30267 1104
30283 1105
30300 1103
30316 1112
30332 1111
30348 1117
30365 1124
30381 1125
30397 1133
30414 1141
30430 1134
30446 1139
30463 1142
30479 1135
30495 1150
30512 1148
30528 1151
30544 1149
30561 1152
30578 1153
30595 1159
30611 1158
30628 1159
30644 1161
30660 1162
30677 1159
30693 1160
30709 1152
30726 1164
30742 1165
30758 1152
30775 1162
30791 1163
30807 1151
30824 1165
30840 1158
30856 1163
30873 1150
30889 1156
30905 1153
30921 1148
30938 1149
30954 1152
30970 1143
30987 1144
31003 1138
31019 1139
31036 1135
31052 1135
31068 1127
31085 1127
31101 1125
31117 1121
31134 1120
31150 1116
31166 1116
31183 1115
31199 1118
31215 1106
31232 1092
31248 1090
31264 1091
31281 1091
31297 1080
31313 1073
31330 1069
31346 1065
31362 1060
31378 1053
31395 1061
31411 1048
31427 1039
31444 1031
31460 1030
31476 1027
31493 1021
31509 1019
31525 1021
31542 1008
31558 995
31575 998
31592 991
31608 990
31625 977
31641 978
31658 968
31674 970
31690 965
31707 955
31723 956
31739 947
31756 947
31772 944
31788 937
31805 939
31821 930
31837 928
31854 912
31870 920
31886 919
31903 910
31919 915
31935 903
31951 901
31968 895
31984 897
32000 898
32017 894
32033 876
32049 882
32066 883
32082 863
32098 881
32115 876
32131 871
32147 877
32164 872
32180 871
32196 871
32213 869
32229 867
32245 872
32262 865
32278 872
32294 863
32311 864
32327 874
32343 855
32360 862
32376 866
32392 867
32408 868
32425 865
32441 862
32457 870
32474 863
32490 866
32506 876
32523 872
32539 883
32555 880
32573 884
32589 891
32606 881
32622 893
32639 887
32655 906
32671 898
32688 882
32704 903
32720 910
32737 910
32753 914
32769 912
32786 914
32802 909
32818 928
32835 934
32851 939
32867 947
32884 961
32900 962
32916 958
32933 957
32949 967
32965 963
32981 975
32998 976
33014 982
33030 984
33047 990
33063 990
33079 1001
33096 1004
33112 1006
33128 1013
33145 1009
33161 1025
33177 1027
33194 1023
33210 1034
33226 1045
33243 1050
33259 1048
33275 1053
33292 1057
33308 1061
33324 1061
33341 1069
33357 1068
33373 1079
33390 1082
33406 1084
33422 1088
33438 1086
33455 1091
33471 1090
33487 1101
33504 1104
