2 531
55 533
71 533
87 524
104 540
120 536
136 530
153 542
169 540
185 533
202 537
218 535
234 540
251 541
267 552
283 542
300 543
316 542
332 539
349 546
365 542
381 544
398 590
414 540
430 543
447 544
463 536
479 539
496 534
512 531
528 545
545 531
561 524
577 522
594 529
610 527
626 535
643 529
659 517
675 544
692 518
708 526
724 495
741 516
757 517
773 502
790 512
806 506
822 499
839 504
855 494
871 502
888 495
904 477
920 488
937 472
953 478
969 476
987 483
1003 480
1019 464
1036 461
1052 470
1068 461
1085 455
1101 459
1117 444
1134 441
1150 442
1166 440
1183 433
1199 424
1215 423
1232 417
1248 369
1264 411
1281 399
1297 408
1313 395
1330 406
1346 398
1362 393
1379 392
1395 387
1411 377
1428 367
1444 372
1460 358
1477 355
1493 352
1509 346
1526 337
1542 336
1558 328
1575 318
1591 321
1607 311
1624 335
1640 301
1656 300
1673 292
1689 302
1705 290
1722 279
1738 278
1754 280
1771 259
1787 245
1803 266
1820 246
1836 247
1852 244
1869 235
1885 223
1901 232
1918 219
1934 222
1950 216
1967 196
1984 202
2000 205
2017 193
2033 197
2049 209
2066 194
2082 190
2098 179
2115 179
2131 181
2147 91
2164 174
2180 175
2196 186
2213 174
2229 175
2245 175
2262 171
2278 177
2294 166
2311 167
2327 171
2343 168
2360 173
2376 171
2392 190
2409 176
2425 187
2441 180
2458 183
2474 180
2490 173
2507 185
2523 175
2539 196
2556 191
2572 187
2588 192
2605 194
2621 191
2637 202
2654 200
2670 191
2686 204
2703 197
2719 211
2735 209
2752 227
2768 223
2784 223
2801 217
2817 225
2833 231
2850 227
2866 234
2882 236
2899 197
2915 252
2931 244
2948 245
2964 250
2980 253
2998 241
3014 246
3031 258
3047 258
3063 266
3080 310
3096 279
3112 275
3129 288
3145 283
3161 286
3178 292
3194 295
3210 225
3227 301
3243 300
3259 306
3276 305
3292 313
3308 316
3325 319
3341 322
3357 324
3374 317
3390 332
3406 331
3423 340
3439 339
3455 354
3472 330
3488 350
3504 356
3521 369
3537 364
3553 371
3570 384
3586 394
3602 379
3619 384
3635 386
3651 388
3668 394
3684 397
3700 399
3717 396
3733 387
3749 483
3766 406
3782 422
3798 412
3815 436
3831 430
3847 420
3864 436
3880 437
3896 439
3913 442
3929 454
3945 450
3962 455
3978 455
3995 467
4012 461
4028 464
4044 470
4061 461
4077 467
4093 471
4110 480
4126 481
4142 482
4159 489
4175 492
4191 519
4208 497
4224 498
4240 500
4257 499
4273 506
4289 502
4306 509
4322 516
4338 513
4355 511
4371 516
4387 517
4404 522
4420 522
4436 527
4453 520
4469 520
4485 527
4502 523
4518 534
4534 534
4551 530
4567 536
4583 536
4600 535
4616 534
4632 581
4649 538
4665 539
4681 540
4698 539
4714 535
4730 539
4747 537
4763 542
4779 539
4796 528
4812 535
4828 532
4845 537
4861 536
4877 618
4894 539
4910 537
4926 538
4943 534
4959 540
4975 534
4993 532
5009 532
5026 548
5042 530
5058 535
5075 521
5091 525
5107 524
5124 515
5140 514
5156 512
5173 508
5189 509
5205 508
5222 514
5238 508
5254 508
5271 499
5287 501
5303 496
5320 633
5336 478
5352 488
5369 480
5385 483
5401 480
5418 475
5434 474
5450 447
5467 465
5483 462
5499 444
5516 451
5532 447
5548 450
5565 441
5581 446
5597 439
5614 434
5630 431
5646 439
5663 423
5679 415
5695 415
5712 405
5728 404
5744 401
5761 396
5777 389
5793 386
5810 377
5826 375
5842 371
5859 355
5875 360
5891 350
5908 347
5924 344
5940 355
5957 334
5973 333
5990 329
6007 325
6023 315
6039 316
6056 306
6072 302
6088 296
6105 286
6121 274
6137 373
6154 272
6170 272
6186 250
6203 252
6219 246
6235 245
6252 243
6268 189
6284 242
6301 236
6317 217
6333 222
6350 219
6366 209
6382 208
6399 216
6415 200
6431 197
6448 200
6464 188
6480 190
6497 183
6513 183
6529 156
6546 176
6562 164
6578 159
6595 166
6611 168
6627 169
6644 175
6660 170
6676 173
6693 170
6709 171
6725 170
6742 168
6758 179
6774 188
6791 170
6807 179
6823 0
6840 175
6856 178
6872 178
6889 181
6905 180
6921 175
6938 182
6954 158
6970 188
6988 197
7004 195
7020 194
7037 199
7053 204
7069 199
7086 203
7102 205
7118 205
7135 223
7151 216
7167 212
7184 216
7200 221
7216 221
7233 227
7249 221
7265 190
7282 226
7298 230
7314 235
7331 239
7347 253
7363 249
7380 250
7396 254
7412 257
7429 243
7445 257
7461 262
7478 264
7494 269
7510 274
7527 273
7543 276
7559 281
7576 279
7592 291
7608 292
7625 292
7641 297
7657 293
7674 305
7690 306
7706 317
7723 328
7739 322
7755 319
7772 330
7788 330
7804 333
7821 335
7837 339
7853 340
7870 350
7886 352
7902 362
7919 358
7935 359
7951 361
7968 369
7985 365
8002 368
8018 374
8034 377
8051 390
8067 389
8083 394
8100 394
8116 396
8132 391
8149 406
8165 366
8181 410
8198 407
8214 418
8230 422
8247 424
8263 418
8279 428
8296 432
8312 425
8328 433
8345 435
8361 442
8377 448
8394 447
8410 458
8426 459
8443 457
8459 465
8475 544
8492 466
8508 467
8524 476
8541 473
8557 477
8573 479
8590 472
8606 486
8622 483
8639 489
8655 490
8671 494
8688 484
8704 490
8720 488
8737 496
8753 492
8769 511
8786 503
8802 508
8818 507
8835 515
8851 492
8867 512
8884 514
8900 517
8916 515
8933 515
8949 516
8965 518
8982 528
8999 521
9015 504
9032 515
9048 514
9064 521
9081 517
9097 528
9113 535
9130 525
9146 526
9162 533
9179 524
9195 524
9211 519
9228 521
9244 523
9260 526
9277 520
9293 520
9309 517
9326 518
9342 516
9358 516
9375 502
9391 513
9407 503
9424 499
9440 508
9456 504
9473 520
9489 506
9505 504
9522 504
9538 499
9554 491
9571 493
9587 492
9603 481
9620 489
9636 487
9652 483
9669 480
9685 477
9701 472
9718 479
9734 469
9750 461
9767 464
9783 460
9799 455
9816 457
9832 453
9848 445
9865 444
9881 445
9897 437
9914 437
9930 429
9946 425
9963 423
9979 427
9996 411
10012 412
10028 409
10045 398
10061 431
10077 395
10094 391
10110 394
10126 383
10143 378
10159 381
10175 368
10192 369
10208 362
10224 359
10241 360
10257 349
10273 341
10290 336
10306 332
10322 331
10339 322
10355 317
10371 316
10388 306
10404 305
10420 299
10437 293
10453 286
10469 302
10486 280
10502 294
10518 271
10535 262
10551 266
10567 262
10584 249
10600 248
10616 240
10633 233
10649 233
10665 226
10682 237
10698 214
10714 218
10731 209
10747 207
10763 213
10780 198
10796 197
10812 194
10829 183
10845 188
10861 184
10878 197
10894 177
10910 193
10927 178
10943 176
10959 180
10976 172
10993 174
11009 183
11026 169
11042 173
11058 175
11075 171
11091 174
11107 173
11124 174
11140 170
11156 179
11173 174
11189 172
11205 172
11222 178
11238 177
11254 187
11271 185
11287 190
11303 185
11320 187
11336 192
11352 195
11369 183
11385 199
11401 198
11418 188
11434 202
11450 231
11467 206
11483 209
11499 212
11516 211
11532 225
11548 213
11565 210
11581 214
11597 220
11614 237
11630 227
11646 233
11663 238
11679 239
11695 239
11712 242
11728 245
11744 249
11761 249
11777 254
11793 254
11810 259
11826 252
11842 265
11859 268
11875 271
11891 268
11908 279
11924 280
11940 282
11957 289
11973 300
11990 296
12007 291
12023 298
12039 298
12056 307
12072 301
12088 309
12105 310
12121 316
12137 321
12154 330
12170 329
12186 334
12203 342
12219 342
12235 344
12252 343
12268 296
12284 351
12301 354
12317 356
12333 359
12350 376
12366 364
12382 377
12399 377
12415 376
12431 374
12448 398
12464 387
12480 391
12497 397
12513 404
12529 401
12546 406
12562 399
12578 414
12595 427
12611 416
12627 418
12644 424
12660 423
12676 443
12693 431
12709 434
12725 451
12742 448
12758 446
12774 445
12791 450
12807 457
12823 463
12840 462
12856 466
12872 463
12889 469
12905 469
12921 474
12938 478
12954 468
12970 479
12988 482
13004 479
13021 491
13037 492
13053 493
13070 492
13086 497
13102 515
13119 499
13135 501
13151 497
13168 506
13184 506
13200 506
13217 508
13233 505
13249 509
13266 512
13282 518
13298 510
13315 507
13331 515
13347 514
13364 515
13380 522
13396 503
13413 529
13429 522
13445 521
13462 523
13478 519
13494 523
13511 521
13527 525
13543 528
13560 524
13576 525
13592 523
13609 522
13625 523
13641 516
13658 512
13674 517
13690 513
13707 512
13723 490
13739 532
13756 512
13772 519
13788 514
13805 512
13821 511
13837 506
13854 510
13870 505
13886 504
13903 491
13919 506
13935 497
13952 500
13968 495
13985 482
14002 491
14018 471
14034 500
14051 486
14067 476
14083 483
14100 479
14116 478
14132 471
14149 472
14165 413
14181 465
14198 463
14214 471
14230 454
14247 451
14263 446
14279 442
14296 436
14312 436
14328 438
14345 423
14361 427
14377 419
14394 417
14410 414
14426 407
14443 410
14459 404
14475 401
14492 395
14508 392
14524 385
14541 381
14557 376
14573 374
14590 369
14606 335
14622 361
14639 382
14655 346
14671 346
14688 351
14704 337
14720 327
14737 327
14753 317
14769 320
14786 314
14802 318
14818 307
14835 329
14851 292
14867 291
14884 290
14900 280
14916 271
14933 275
14949 259
14965 266
14982 255
14999 251
15016 251
15032 253
15048 229
15065 232
15081 229
15097 224
15114 222
15130 215
15146 220
15163 207
15179 217
15195 207
15212 201
15228 212
15244 195
15261 192
15277 190
15293 330
15310 189
15326 181
15342 182
15359 177
15375 179
15391 178
15408 166
15424 136
15440 171
15457 167
15473 164
15489 173
15506 182
15522 178
15538 175
15555 179
15571 167
15587 174
15604 168
15620 188
15636 182
15653 180
15669 186
15685 185
15702 187
15718 188
15734 163
15751 193
15767 191
15783 184
15800 195
15816 192
15832 198
15849 198
15865 209
15881 192
15898 208
15914 211
15930 209
15947 215
15963 216
15979 221
15996 218
16012 224
16028 228
16045 229
16061 206
16077 238
16094 235
16110 240
16126 243
16143 242
16159 247
16175 245
16192 255
16208 252
16224 264
16241 262
16257 275
16273 271
16290 267
16306 274
16322 278
16339 280
16355 281
16371 258
16388 289
16404 294
16420 300
16437 302
16453 301
16469 309
16486 307
16502 313
16518 317
16535 313
16551 326
16567 326
16584 337
16600 340
16616 345
16633 339
16649 337
16665 354
16682 354
16698 356
16714 364
16731 357
16747 192
16763 373
16780 375
16796 377
16812 380
16829 382
16845 387
16861 381
16878 383
16894 384
16910 395
16927 403
16943 424
16959 416
16976 416
16993 429
17009 422
17026 424
17042 433
17058 434
17075 434
17091 437
17107 439
17124 444
17140 446
17156 449
17173 451
17189 419
17205 457
17222 457
17238 461
17254 467
17271 468
17287 479
17303 474
17320 506
17336 484
17352 492
17369 499
17385 489
17401 488
17418 489
17434 494
17450 475
17467 498
17483 505
17499 505
17516 506
17532 513
17548 515
17565 515
17581 460
17597 511
17614 517
17630 523
17646 526
17663 526
17679 527
17695 514
17712 530
17728 532
17744 520
17761 523
17777 535
17793 528
17810 534
17826 510
17842 535
17859 538
17875 536
17891 537
17908 540
17924 528
17940 533
17957 519
17973 540
17991 540
18007 546
18023 535
18040 530
18056 538
18072 539
18089 539
18105 544
18121 542
18138 490
18154 538
18170 531
18187 528
18203 532
18219 526
18236 531
18252 528
18268 564
18285 523
18301 519
18317 521
18334 515
18350 513
18366 509
18383 524
18399 458
18415 512
18432 516
18448 495
18464 502
18481 502
18497 497
18513 499
18530 502
18546 494
18562 489
18579 482
18595 484
18611 480
18628 487
18644 472
18660 463
18677 468
18693 464
18709 465
18726 463
18742 458
18758 449
18775 449
18791 448
18807 438
18824 443
18840 435
18856 425
18873 427
18889 424
18905 421
18922 417
18938 407
18954 409
18971 408
18988 395
19004 388
19021 390
19037 380
19053 371
19070 375
19086 374
19102 372
19119 361
19135 361
19151 356
19168 350
19184 346
19200 340
19217 341
19233 262
19249 327
19266 320
19282 306
19298 313
19315 304
19331 302
19347 293
19364 288
19380 287
19396 280
19413 282
19429 274
19445 277
19462 265
19478 260
19494 254
19511 246
19527 247
19543 247
19560 232
19576 232
19592 227
19609 231
19625 223
19641 211
19658 212
19674 204
19690 210
19707 200
19723 194
19739 193
19756 190
19772 194
19788 189
19805 187
19821 185
19837 181
19854 185
19870 177
19886 178
19903 175
19919 171
19935 174
19952 183
19968 176
19986 176
20002 173
20018 160
20035 166
20051 180
20067 169
20084 188
20100 181
20116 188
20133 182
20149 185
20165 182
20182 180
20198 187
20214 188
20231 190
20247 195
20263 192
20280 198
20296 198
20312 196
20329 200
20345 207
20361 205
20378 204
20394 204
20410 207
20427 209
20443 215
20459 233
20476 215
20492 225
20508 228
20525 228
20541 230
20557 230
20574 242
20590 241
20606 257
20623 244
20639 254
20655 251
20672 257
20688 258
20704 272
20721 255
20737 269
20753 278
20770 268
20786 267
20802 271
20819 277
20835 290
20851 302
20868 295
20884 296
20900 300
20917 303
20933 305
20949 307
20966 313
20982 333
20999 316
21016 331
21032 330
21048 325
21065 334
21081 322
21097 338
21114 329
21130 344
21146 347
21163 350
21179 361
21195 363
21212 366
21228 370
21244 376
21261 377
21277 381
21293 380
21310 390
21326 391
21342 391
21359 398
21375 406
21391 406
21408 406
21424 386
21440 412
21457 420
21473 419
21489 414
21506 428
21522 428
21538 441
21555 438
21571 447
21587 447
21604 446
21620 453
21636 453
21653 460
21669 461
21685 464
21702 457
21718 468
21734 473
21751 477
21767 475
21783 482
21800 509
21816 496
21832 488
21849 486
21865 493
21881 492
21898 511
21914 508
21930 466
21947 510
21963 509
21979 513
21996 512
22012 515
22028 518
22045 518
22061 523
22077 525
22094 523
22110 528
22126 536
22143 532
22159 539
22175 525
22192 528
22208 526
22224 537
22241 536
22257 553
22273 541
22290 540
22306 543
22322 515
22339 540
22355 544
22371 550
22388 554
22404 542
22420 547
22437 565
22453 543
22469 547
22486 545
22502 519
22518 546
22535 537
22551 541
22567 533
22584 542
22600 542
22616 560
22633 548
22649 544
22665 549
22682 538
22698 543
22714 538
22731 533
22747 569
22763 531
22780 532
22796 530
22812 523
22829 524
22845 523
22861 538
22878 516
22894 506
22910 514
22927 508
22943 507
22959 503
22976 503
22993 507
23010 501
23026 499
23042 495
23059 493
23075 497
23091 485
23108 482
23124 482
23140 481
23157 477
23173 473
23189 469
23206 464
23222 455
23238 437
23255 454
23271 442
23287 441
23304 437
23320 473
23336 434
23353 429
23369 424
23385 417
23402 419
23418 404
23434 414
23451 366
23467 397
23483 396
23500 390
23516 381
23532 382
23549 372
23565 371
23581 366
23598 351
23614 349
23630 338
23647 343
23663 340
23679 364
23696 335
23712 331
23728 325
23745 315
23761 312
23777 309
23794 300
23810 295
23826 295
23843 286
23859 280
23875 280
23892 270
23908 264
23924 259
23941 251
23957 260
23973 244
23991 242
24007 212
24023 235
24040 225
24056 227
24072 217
24089 215
24105 203
24121 203
24138 168
24154 201
24170 190
24187 190
24203 190
24219 183
24236 186
24252 180
24268 187
24285 181
24301 171
24317 169
24334 169
24350 171
24366 165
24383 186
24399 174
24415 171
24432 173
24448 169
24464 173
24481 174
24497 180
24513 177
24530 177
24546 180
24562 179
24579 176
24595 183
24611 181
24628 185
24644 185
24660 177
24677 184
24693 181
24709 188
24726 190
24742 214
24758 198
24775 200
24791 208
24807 200
24824 204
24840 209
24856 209
24873 212
24889 214
24905 219
24922 225
24938 218
24954 222
24971 227
24988 229
25004 209
25021 231
25037 231
25053 241
25070 240
25086 250
25102 251
25119 257
25135 274
25151 255
25168 267
25184 263
25200 266
25217 272
25233 277
25249 278
25266 281
25282 282
25298 282
25315 288
25331 293
25347 294
25364 324
25380 298
25396 296
25413 309
25429 315
25445 328
25462 322
25478 328
25494 337
25511 329
25527 335
25543 327
25560 340
25576 344
25592 345
25609 350
25625 361
25641 356
25658 358
25674 361
25690 369
25707 373
25723 383
25739 375
25756 381
25772 385
25788 387
25805 401
25821 399
25837 389
25854 399
25870 406
25886 412
25903 389
25919 417
25935 420
25952 423
25968 428
25986 429
26002 435
26018 436
26035 423
26051 442
26067 432
26084 458
26100 446
26116 451
26133 452
26149 464
26165 462
26182 466
26198 468
26214 462
26231 473
26247 475
26263 478
26280 480
26296 480
26312 484
26329 487
26345 493
26361 489
26378 495
26394 495
26410 495
26427 504
26443 503
26459 500
26476 466
26492 507
26508 509
26525 511
26541 513
26557 511
26574 514
26590 516
26606 519
26623 519
26639 520
26655 516
26672 534
26688 525
26704 522
26721 510
26737 524
26753 525
26770 525
26786 526
26802 527
26819 525
26835 525
26851 519
26868 527
26884 528
26900 536
26917 528
26933 526
26949 524
26966 526
26984 523
27001 524
27017 524
27033 557
27050 524
27066 520
27082 519
27099 513
27115 517
27131 512
27148 516
27164 496
27180 521
27197 513
27213 507
27229 509
27246 504
27262 500
27278 502
27295 487
27311 506
27327 497
27344 491
27360 493
27376 490
27393 488
27409 486
27425 486
27442 481
27458 470
27474 487
27491 467
27507 467
27523 464
27540 473
27556 461
27572 458
27589 454
27605 470
27621 448
27638 444
27654 442
27670 433
27687 439
27703 428
27719 416
27736 420
27752 420
27768 412
27785 410
27801 401
27817 384
27834 392
27850 392
27866 386
27883 383
27899 377
27915 381
27932 375
27948 369
27964 361
27981 378
27998 352
28014 349
28031 337
28047 338
28063 334
28080 329
28096 325
28112 278
28129 312
28145 309
28161 301
28178 295
28194 284
28210 285
28227 278
28243 295
28259 271
28276 272
28292 262
28308 259
28325 254
28341 249
28357 243
28374 236
28390 232
28406 230
28423 186
28439 220
28455 216
28472 210
28488 210
28504 206
28521 191
28537 196
28553 168
28570 192
28586 186
28602 199
28619 177
28635 184
28651 184
28668 174
28684 176
28700 179
28717 172
28733 176
28749 169
28766 176
28782 171
28798 171
28815 175
28831 169
28847 172
28864 170
28880 155
28896 173
28913 167
28929 177
28945 173
28962 175
28978 183
28995 184
29012 186
29028 179
29044 187
29061 302
29077 190
29093 191
29110 199
29126 191
29142 195
29159 202
29175 198
29191 205
29208 208
29224 190
29240 209
29257 202
29273 212
29289 217
29306 215
29322 222
29338 227
29355 223
29371 224
29387 232
29404 229
29420 234
29436 239
29453 240
29469 241
29485 253
29502 206
29518 253
29534 256
29551 255
29567 260
29583 252
29600 265
29616 248
29632 245
29649 277
29665 276
29681 286
29698 291
29714 291
29730 294
29747 292
29763 296
29779 303
29796 309
29812 306
29828 312
29845 313
29861 319
29877 321
29894 328
29910 321
29926 330
29943 336
29959 339
29975 344
29993 341
30009 358
30025 353
30042 359
30058 356
30074 360
30091 368
30107 367
30123 370
30140 375
30156 377
30172 382
30189 390
30205 383
30221 392
30238 395
30254 387
30270 395
30287 390
30303 402
30319 382
30336 409
30352 415
30368 433
30385 427
30401 432
30417 429
30434 431
30450 461
30466 437
30483 440
30499 444
30515 443
30532 449
30548 454
30564 449
30581 515
30597 454
30613 459
30630 460
30646 454
30662 468
30679 453
30695 472
30711 476
30728 471
30744 487
30760 484
30777 491
30793 483
30809 486
30826 461
30842 488
30858 491
30875 490
30891 496
30907 514
30924 498
30940 499
30956 522
30973 502
30990 510
31007 498
31023 499
31039 506
31056 506
31072 519
31088 517
31105 513
31121 511
31137 531
31154 516
31170 513
31186 516
31203 517
31219 508
31235 517
31252 515
31268 507
31284 522
31301 512
31317 515
31333 513
31350 499
31366 520
31382 497
31399 507
31415 490
31431 524
31448 514
31464 509
31480 514
31497 434
31513 504
31529 503
31546 504
31562 505
31578 489
31595 496
31611 496
31627 496
31644 494
31660 488
31676 492
31693 490
31709 470
31725 484
31742 461
31758 473
31774 456
31791 462
31807 478
31823 469
31840 448
31856 456
31872 457
31889 456
31905 449
31921 457
31938 454
31954 451
31970 443
31988 441
32004 435
32020 431
32037 427
32053 417
32069 419
32086 428
32102 417
32118 405
32135 414
32151 405
32167 398
32184 391
32200 387
32216 381
32233 387
32249 385
32265 379
32282 366
32298 369
32314 365
32331 354
32347 359
32363 346
32380 346
32396 336
32412 330
32429 331
32445 315
32461 323
32478 314
32494 332
32510 311
32527 310
32543 303
32559 303
32576 284
32592 292
32608 290
32625 267
32641 267
32657 261
32674 262
32690 252
32706 256
32723 226
32739 243
32755 240
32772 227
32788 228
32804 218
32821 221
32837 217
32853 222
32870 216
32886 206
32902 208
32919 198
32935 199
32951 189
32968 187
32985 189
33001 191
33018 184
33034 180
33050 185
33067 177
33083 174
33099 180
33116 167
33132 176
33148 171
33165 170
33181 174
33197 191
33214 180
33230 172
33246 183
33263 172
33279 182
33295 182
33312 178
33328 178
33344 168
33361 183
33377 185
33393 174
33410 186
33426 186
33442 190
33459 189
33475 214
33491 190
33508 180
33524 194
33540 199
33557 244
33573 207
33589 209
33606 164
33622 204
33638 217
33655 215
33671 213
33687 221
33704 214
33720 236
33736 231
33753 224
33769 235
33785 232
33802 239
33818 240
33834 230
33851 214
33867 236
33883 248
33900 249
33916 253
33932 260
33949 263
33965 265
33981 266
33999 268
34015 272
34032 280
34048 277
34064 278
34081 284
34097 285
34113 291
34130 290
34146 298
34162 297
34179 301
34195 300
34211 302
34228 314
34244 315
34260 297
34277 327
34293 312
34309 324
34326 332
34342 342
34358 334
34375 345
34391 346
34407 346
34424 341
34440 361
34456 362
34473 354
34489 369
34505 373
34522 373
34538 370
34554 382
34571 366
34587 384
34603 389
34620 401
34636 395
34652 400
34669 406
34685 413
34701 412
34718 413
34734 421
34750 408
34767 419
34783 426
34799 430
34816 420
34832 436
34848 440
34865 437
34881 450
34897 429
34914 441
34930 443
34946 449
34963 453
34979 457
34995 482
35012 464
35028 464
35044 460
35061 466
35077 480
35093 481
35110 483
35126 479
35142 482
35159 483
35175 484
35191 493
35208 489
35224 496
35240 495
35257 480
35273 497
35289 489
35306 500
35322 502
35338 501
35355 511
35371 464
35387 482
35404 513
35420 518
35436 514
35453 514
35469 520
35485 519
35502 513
35518 520
35534 516
35551 513
35567 519
35583 519
35600 526
35616 500
35632 539
35649 501
35665 519
35681 521
35698 515
35714 525
35730 523
35747 542
35763 519
35779 520
35796 520
35812 519
35828 522
35845 521
35861 517
35877 515
35894 522
35910 517
35926 513
35943 514
35959 516
35975 511
35993 504
36009 508
36026 501
36042 522
36058 507
36075 503
36091 507
36107 499
36124 498
36140 495
36156 490
36173 496
36189 482
36205 491
36222 486
36238 486
36254 480
36271 475
36287 478
36303 473
36320 476
36336 462
36352 451
36369 472
36385 458
36401 452
36418 456
36434 452
36450 443
36467 442
36483 442
36499 429
36516 431
36532 430
36548 424
36565 423
36581 421
36597 410
36614 410
36630 412
36646 400
36663 388
36679 373
36695 386
36712 368
36728 378
36744 376
36761 369
36777 366
36793 364
36810 367
36826 364
36842 352
36859 352
36875 347
36891 340
36908 324
36924 331
36940 328
36957 329
36973 318
36990 312
37007 294
37023 294
37039 296
37056 289
37072 286
37088 281
37105 296
37121 276
37137 224
37154 267
37170 259
37186 256
37203 247
37219 246
37235 244
37252 237
37268 238
37284 232
37301 224
37317 229
37333 218
37350 215
37366 210
37382 198
37399 201
37415 186
37431 195
37448 227
37464 188
37480 183
37497 186
37513 185
37529 183
37546 184
37562 181
37578 180
37595 181
37611 176
37627 177
37644 180
37660 179
37676 182
37693 175
37709 178
37725 180
37742 161
37758 174
37774 173
37791 178
37807 180
37823 178
37840 184
37856 185
37872 190
37889 188
37905 184
37921 191
37938 191
37954 191
37970 195
37988 192
38004 192
38021 201
38037 202
38053 203
38070 206
38086 198
38102 209
38119 206
38135 212
38151 214
38168 228
38184 225
38200 226
38217 209
38233 231
38249 232
38266 224
38282 236
38298 241
38315 241
38331 247
38347 244
38364 244
38380 257
38396 257
38413 250
38429 263
38445 249
38462 265
38478 261
38494 273
38511 275
38527 259
38543 288
38560 287
38576 287
38592 293
38609 300
38625 302
38641 302
38658 309
38674 310
38690 316
38707 319
38723 324
38739 323
38756 328
38772 332
38788 335
38805 326
38821 337
38837 330
38854 347
38870 353
38886 352
38903 350
38919 367
38935 368
38952 370
38968 374
38985 377
39002 381
39018 384
39034 351
39051 392
39067 392
39083 406
39100 401
39116 407
39132 409
39149 406
39165 414
39181 414
39198 423
39214 414
39230 442
39247 435
39263 437
39279 441
39296 445
39312 447
39328 448
39345 446
39361 453
39377 459
39394 464
39410 462
39426 462
39443 467
39459 471
39475 441
39492 481
39508 462
39524 481
39541 475
39557 487
39573 511
39590 492
39606 504
39622 502
39639 502
39655 503
39671 509
39688 511
39704 506
39720 504
39737 515
39753 517
39769 521
39786 518
39802 520
39818 521
39835 524
39851 517
39867 513
39884 526
39900 512
39916 529
39933 532
39949 531
39965 539
39982 534
39999 536
40015 526
40032 535
40048 545
40064 547
40081 540
40097 546
40113 540
40130 540
40146 543
40162 552
40179 542
40195 543
40211 532
40228 538
40244 537
40260 538
40277 538
40293 600
40309 543
40326 545
40342 540
40358 541
40375 539
40391 538
40407 537
40424 546
40440 534
40456 532
40473 531
40489 524
40505 531
40522 526
40538 526
40554 552
40571 513
40587 512
40603 506
40620 514
40636 488
40652 528
40669 507
40685 509
40701 507
40718 498
40734 500
40750 505
40767 493
40783 494
40799 506
40816 488
40832 484
40848 471
40865 481
40881 472
40897 472
40914 467
40930 446
40946 458
40963 450
40979 460
40996 449
41012 441
41028 445
41045 441
41061 443
41077 434
41094 427
41110 418
41126 415
41143 414
41159 411
41175 405
41192 401
41208 399
41224 389
41241 387
41257 382
41273 380
41290 364
41306 363
41322 361
41339 359
41355 359
41371 322
41388 352
41404 330
41420 342
41437 336
41453 320
41469 317
41486 310
41502 323
41518 301
41535 301
41551 299
41567 289
41584 287
41600 286
41616 277
41633 268
41649 268
41665 251
41682 252
41698 248
41714 245
41731 239
41747 237
41763 237
41780 231
41796 244
41812 222
41829 218
41845 211
41861 207
41878 211
41894 202
41910 197
41927 196
41943 191
41959 191
41976 189
41993 170
42009 178
42026 167
42042 171
42058 157
42075 171
42091 181
42107 173
42124 178
42140 177
42156 182
42173 203
42189 145
42205 175
42222 175
42238 167
42254 177
42271 176
42287 177
42303 178
42320 193
42336 175
42352 175
42369 169
42385 175
42401 185
42418 188
42434 185
42450 186
42467 194
42483 192
42499 193
42516 202
42532 199
42548 203
42565 206
42581 205
42597 209
42614 216
42630 212
42646 216
42663 219
42679 239
42695 225
42712 229
42728 228
42744 228
42761 230
42777 237
42793 238
42810 251
42826 288
42842 253
42859 251
42875 254
42891 259
42908 261
42924 260
42940 267
42957 272
42973 271
42990 275
43007 279
43023 279
43039 282
43056 291
43072 288
43088 296
43105 296
43121 296
43137 300
43154 309
43170 310
43186 324
43203 319
43219 319
43235 324
43252 329
43268 342
43284 335
43301 340
43317 345
43333 341
43350 352
43366 352
43382 353
43399 354
43415 359
43431 367
43448 375
43464 375
43480 377
43497 386
43513 384
43529 393
43546 393
43562 393
43578 390
43595 403
43611 404
43627 451
43644 412
43660 418
43676 417
43693 425
43709 424
43725 436
43742 431
43758 426
43774 436
43791 436
43807 441
43823 449
43840 452
43856 452
43872 462
43889 463
43905 461
43921 467
43938 467
43954 470
43970 473
43988 478
44004 478
44021 484
44037 481
44053 488
44070 486
44086 466
44102 497
44119 484
44135 507
44151 501
44168 505
44184 506
44200 505
44217 517
44233 514
44249 518
44266 515
44282 521
44298 524
44315 551
44331 525
44347 526
44364 529
44380 524
44396 419
44413 531
44429 529
44445 535
44462 536
44478 524
44494 530
44511 527
44527 563
44543 536
44560 533
44576 533
44592 541
44609 541
44625 530
44641 542
44658 540
44674 538
44690 541
44707 544
44723 542
44739 533
44756 539
44772 534
44788 540
44805 538
44821 536
44837 535
44854 536
44870 524
44886 524
44903 529
44919 530
44935 534
44952 546
44968 526
44985 524
45002 521
45018 518
45034 514
45051 516
45067 517
45083 524
45100 512
45116 512
45132 505
45149 502
45165 502
45181 488
45198 493
45214 488
45230 488
45247 485
45263 477
45279 481
45296 481
45312 477
45328 458
45345 472
45361 454
45377 461
45394 464
45410 446
45426 452
45443 446
45459 444
45475 434
45492 435
45508 428
45524 429
45541 413
45557 418
45573 407
45590 407
45606 444
45622 396
45639 399
45655 391
45671 397
45688 378
45704 376
45720 364
45737 370
45753 361
45769 357
45786 357
45802 351
45818 342
45835 316
45851 376
45867 328
45884 312
45900 327
45916 308
45933 303
45949 298
45965 296
45982 287
45999 291
46016 284
46032 281
46048 275
46065 263
46081 262
46097 256
46114 238
46130 243
46146 238
46163 251
46179 228
46195 227
46212 230
46228 219
46244 203
46261 211
46277 203
46293 209
46310 197
46326 191
46342 192
46359 190
46375 187
46391 185
46408 182
46424 178
46440 177
46457 177
46473 179
46489 173
46506 172
46522 175
46538 168
46555 166
46571 171
46587 160
46604 178
46620 175
46636 165
46653 169
46669 169
46685 168
46702 178
46718 258
46734 178
46751 177
46767 182
46783 171
46800 177
46816 186
46832 187
46849 189
46865 188
46881 192
46898 195
46914 197
46930 206
46947 202
46963 195
46979 209
46996 202
47012 205
47028 208
47045 212
47061 217
47077 220
47094 225
47110 225
47126 221
47143 228
47159 232
47175 234
47192 235
47208 236
47224 241
47241 253
47257 251
47273 248
47290 254
47306 258
47322 255
47339 242
47355 261
47371 274
47388 271
47404 268
47420 278
47437 280
47453 295
47469 287
47486 291
47502 291
47518 294
47535 301
47551 308
47567 303
47584 315
47600 312
47616 320
47633 320
47649 321
47665 321
47682 337
47698 330
47714 334
47731 338
47747 312
47763 346
47780 355
47796 349
47812 368
47829 364
47845 366
47861 371
47878 370
47894 372
47910 377
47927 382
47943 386
47959 385
47976 392
47993 397
48009 401
48026 394
48042 405
48058 407
48075 408
48091 417
48107 403
48124 427
48140 427
48156 430
48173 430
48189 436
48205 439
48222 442
48238 442
48254 435
48271 447
48287 456
48303 457
48320 419
48336 461
48352 463
48369 468
48385 457
48401 466
48418 468
48434 472
48450 476
48467 478
48483 488
48499 486
48516 490
48532 485
48548 486
48565 501
48581 505
48597 494
48614 497
48630 565
48646 508
48663 502
48679 506
48695 505
48712 506
48728 512
48744 513
48761 502
48777 509
48793 508
48810 509
48826 507
48842 527
48859 518
48875 515
48891 517
48908 526
48924 529
48940 519
48957 531
48973 515
48991 523
49007 484
49023 525
49040 522
49056 518
49072 518
49089 511
49105 520
49121 519
49138 522
49154 518
49170 513
49187 524
49203 520
49219 522
49236 517
49252 514
49268 521
49285 510
49301 507
49317 528
49334 509
49350 510
49366 505
49383 505
49399 500
49415 496
49432 495
49448 491
49464 488
49481 487
49497 482
49513 484
49530 474
49546 485
49562 480
49579 472
49595 477
49611 468
49628 474
49644 467
49660 466
49677 462
49693 453
49709 457
49726 446
49742 439
49758 444
49775 439
49791 432
49807 427
49824 422
49840 426
49856 418
49873 417
49889 411
49905 417
49922 418
49938 412
49954 401
49971 391
49988 388
50004 390
50021 379
50037 377
50053 373
50070 365
50086 366
50102 355
50119 352
50135 351
50151 336
50168 336
50184 331
50200 324
50217 324
50233 318
50249 323
50266 311
50282 309
50298 301
50315 299
50331 291
50347 288
50364 242
50380 275
50396 271
50413 268
50429 264
50445 258
50462 251
50478 247
50494 241
50511 228
50527 228
50543 208
50560 223
50576 219
50592 211
50609 218
50625 179
50641 204
50658 201
50674 196
50690 200
50707 192
50723 249
50739 187
50756 181
50772 265
50788 177
50805 179
50821 179
50837 173
50854 176
50870 173
50886 160
50903 182
50919 181
50935 171
50952 165
50968 169
50986 180
51002 174
51018 172
51035 186
51051 175
51067 168
51084 165
51100 182
51116 181
51133 179
51149 185
51165 180
51182 185
51198 187
51214 176
51231 198
51247 182
51263 190
51280 196
51296 195
51312 204
51329 206
51345 207
51361 203
51378 211
51394 215
51410 214
51427 219
51443 222
51459 220
51476 237
51492 215
51508 230
51525 226
51541 232
51557 236
51574 228
51590 235
51606 246
51623 245
51639 251
51655 247
51672 262
51688 261
51704 269
51721 264
51737 273
51753 264
51770 288
51786 270
51802 275
51819 282
51835 295
51851 284
51868 296
51884 294
51900 289
51917 304
51933 307
51949 304
51966 310
51982 313
51999 322
52016 321
52032 321
52048 334
52065 323
52081 355
52097 342
52114 347
52130 340
52146 343
52163 388
52179 357
52195 357
52212 352
52228 364
52244 368
52261 377
52277 364
52293 367
52310 381
52326 384
52342 390
52359 390
52375 401
52391 403
52408 408
52424 431
52440 411
52457 413
52473 419
52489 418
52506 422
52522 427
52538 431
52555 431
52571 436
52587 434
52604 440
52620 437
52636 433
52653 447
52669 448
52685 450
52702 460
52718 469
52734 468
52751 465
52767 478
52783 469
52800 470
52816 477
52832 473
52849 467
52865 482
52881 481
52898 483
52914 489
52930 494
52947 490
52963 492
52979 496
52996 473
53012 502
53028 495
53045 507
53061 505
53077 504
53094 508
53110 519
53126 514
53143 510
53159 513
53175 516
53192 514
53208 519
53224 515
53241 509
53257 521
53273 513
53290 526
53306 519
53322 518
53339 524
53355 520
53371 521
53388 518
53404 518
53420 519
53437 517
53453 527
53469 523
53486 522
53502 500
53518 526
53535 519
53551 526
53567 521
53584 516
53600 518
53616 518
53633 515
53649 517
53665 514
53682 510
53698 513
53714 513
53731 520
53747 520
53763 504
53780 499
53796 502
53812 508
53829 500
53845 499
53861 494
53878 489
53894 490
53910 487
53927 478
53943 482
53959 479
53976 478
53993 475
54010 473
54026 470
54042 468
54059 424
54075 456
54091 464
54108 442
54124 454
54140 445
54157 446
54173 442
54189 445
54206 434
54222 431
54238 432
54255 423
54271 420
54287 415
54304 411
54320 381
54336 406
54353 401
54369 406
54385 394
54402 392
54418 383
54434 376
54451 370
54467 367
54483 368
54500 355
54516 365
54532 355
54549 354
54565 346
54581 341
54598 335
54614 329
54630 307
54647 323
54663 317
54679 313
54696 307
54712 302
54728 299
54745 301
54761 288
54777 281
54794 287
54810 280
54826 263
54843 262
54859 258
54875 258
54892 256
54908 248
54924 244
54941 243
54957 234
54973 228
54991 225
55007 168
55023 233
55040 210
55056 209
55072 203
55089 202
55105 201
55121 174
55138 186
55154 188
55170 181
55187 178
55203 182
55219 183
55236 182
55252 182
55268 178
55285 180
55301 181
55317 179
55334 176
55350 177
55366 172
55383 176
55399 176
55415 174
55432 175
55448 147
55464 177
55481 179
55497 181
55513 171
55530 199
55546 178
55562 180
55579 246
55595 196
55611 189
55628 198
55644 198
55660 200
55677 219
55693 200
55709 206
55726 203
55742 215
55758 201
55775 212
55791 212
55807 209
55824 217
55840 217
55856 227
55873 226
55889 216
55905 224
55922 227
55938 238
55954 236
55971 238
55988 240
56004 247
56021 240
56037 249
56053 251
56070 249
56086 263
56102 255
56119 265
56135 265
56151 271
56168 271
56184 268
56200 276
56217 263
56233 278
56249 292
56266 285
56282 297
56298 298
56315 302
56331 294
56347 301
56364 315
56380 313
56396 313
56413 336
56429 321
56445 329
56462 329
56478 334
56494 361
56511 337
56527 348
56543 342
56560 352
56576 358
56592 354
56609 359
56625 362
56641 376
56658 372
56674 382
56690 377
56707 384
56723 388
56739 398
56756 386
56772 396
56788 399
56805 406
56821 411
56837 410
56854 413
56870 415
56886 423
56903 414
56919 458
56935 428
56952 436
56968 436
56986 446
57002 438
57018 449
57035 449
57051 456
57067 456
57084 460
57100 465
57116 465
57133 469
57149 465
57165 468
57182 476
57198 481
57214 475
57231 486
57247 466
57263 489
57280 475
57296 490
57312 495
57329 492
57345 497
57361 496
57378 500
57394 499
57410 511
57427 513
57443 513
57459 512
57476 535
57492 515
57508 521
57525 513
57541 527
57557 521
57574 526
57590 527
57606 520
57623 530
57639 526
57655 524
57672 531
57688 527
57704 538
57721 538
57737 538
57753 518
57770 540
57786 543
57802 536
57819 537
57835 539
57851 533
57868 540
57884 536
57900 536
57917 537
57933 535
57949 535
57966 536
57984 532
58001 526
58017 538
58033 539
58050 533
58066 529
58082 529
58099 531
58115 523
58131 530
58148 524
58164 521
58180 522
58197 540
58213 519
58229 517
58246 532
58262 513
58278 511
58295 509
58311 503
58327 500
58344 512
58360 496
58376 507
58393 502
58409 498
58425 488
58442 489
58458 490
58474 483
58491 481
58507 479
58523 470
58540 473
58556 467
58572 465
58589 464
58605 474
58621 457
58638 452
58654 452
58670 443
58687 437
58703 438
58719 434
58736 433
58752 432
58768 428
58785 416
58801 413
58817 419
58834 410
58850 389
58866 398
58883 394
58899 391
58915 385
58932 388
58948 384
58964 372
58981 372
58998 358
59014 354
59031 359
59047 347
59063 341
59080 347
59096 339
59112 333
59129 323
59145 317
59161 317
59178 311
59194 309
59210 304
59227 294
59243 289
59259 289
59276 280
59292 275
59308 274
59325 268
59341 265
59357 249
59374 249
59390 245
59406 245
59423 181
59439 241
59455 232
59472 231
59488 224
59504 217
59521 214
59537 212
59553 214
59570 203
59586 200
59602 210
59619 190
59635 189
59651 189
59668 184
59684 182
59700 182
59717 184
59733 177
59749 176
59766 173
59782 176
59798 192
59815 173
59831 178
59847 186
59864 179
59880 176
59896 175
59913 175
59929 165
59945 178
59962 173
59978 178
59995 179
60012 181
60028 178
60044 187
60061 188
60077 186
60093 190
60110 189
60126 186
60142 194
60159 195
60175 195
60191 198
60208 199
60224 203
60240 205
60257 206
60273 207
60289 207
60306 212
60322 212
60338 218
60355 218
60371 223
60387 225
60404 233
60420 234
60436 234
60453 240
60469 240
60485 237
60502 238
60518 243
60534 241
60551 244
60567 254
60583 258
60600 263
60616 261
60632 262
60649 270
60665 264
60681 277
60698 279
60714 284
60730 288
60747 324
60763 294
60779 277
60796 307
60812 300
60828 308
60845 310
60861 312
60877 325
60894 328
60910 327
60926 334
60943 334
60959 334
60975 338
60993 344
61009 346
61025 350
61042 351
61058 372
61074 361
61091 363
61107 375
61123 373
61140 374
61156 374
61172 381
61189 348
61205 396
61221 397
61238 407
61254 402
61270 403
61287 410
61303 412
61319 429
61336 420
61352 415
61368 424
61385 432
61401 433
61417 436
61434 434
61450 438
61466 444
61483 440
61499 448
61515 453
61532 454
61548 457
61564 470
61581 471
61597 473
61613 479
61630 303
61646 480
61662 485
61679 488
61695 485
61711 490
61728 492
61744 483
61760 500
61777 509
61793 501
61809 508
61826 536
61842 499
61858 513
61875 521
61891 514
61907 514
61924 517
61940 523
61956 526
61973 529
61990 530
62007 553
62023 523
62039 533
62056 538
62072 534
62088 538
62105 541
62121 539
62137 536
62154 542
62170 539
62186 540
62203 542
62219 540
62235 529
62252 542
62268 548
62284 544
62301 547
62317 546
62333 551
62350 550
62366 546
62382 542
62399 552
62415 546
62431 547
62448 543
62464 545
62480 538
62497 544
62513 541
62529 543
62546 532
62562 536
62578 533
62595 530
62611 535
62627 541
62644 524
62660 537
62676 527
62693 532
62709 531
62725 521
62742 524
62758 521
62774 517
62791 517
62807 511
62823 504
62840 510
62856 504
62872 506
62889 504
62905 487
62921 525
62938 491
62954 489
62970 484
62988 488
63004 480
63020 476
63037 475
63053 472
63069 466
63086 463
63102 451
63118 454
63135 453
63151 450
63167 445
63184 442
63200 434
63216 434
63233 436
63249 423
63265 415
63282 412
63298 410
63314 405
63331 392
63347 398
63363 395
63380 390
63396 398
63412 381
63429 375
63445 368
63461 366
63478 360
63494 365
63510 352
63527 350
63543 349
63559 334
63576 334
63592 316
63608 331
63625 314
63641 310
63657 303
63674 297
63690 301
63706 291
63723 338
63739 275
63755 275
63772 299
63788 262
63804 259
63821 179
63837 202
63853 252
63870 235
63886 234
63902 232
63919 228
63935 222
63951 215
63968 203
63985 203
64001 204
64018 194
64034 182
64050 196
64067 192
64083 189
64099 186
64116 176
64132 180
64148 177
64165 175
64181 174
64197 217
64214 173
64230 172
64246 223
64263 159
64279 168
64295 174
64312 173
64328 169
64344 167
64361 171
64377 168
64393 178
64410 175
64426 181
64442 176
64459 181
64475 182
64491 198
64508 186
64524 186
64540 180
64557 190
64573 195
64589 191
64606 185
64622 194
64638 200
64655 197
64671 211
64687 194
64704 197
64720 208
64736 207
64753 217
64769 217
64785 219
64802 220
64818 224
64834 229
64851 238
64867 233
64883 235
64900 230
64916 238
64932 241
64949 243
64965 251
64981 250
64999 240
65015 255
65032 317
65048 256
65064 265
65081 265
65097 275
65113 272
65130 273
65146 280
65162 300
65179 284
65195 292
65211 308
65228 296
65244 299
65260 309
65277 307
65293 304
65309 315
65326 314
65342 323
65358 322
65375 324
65391 328
65407 328
65424 335
65440 342
65456 351
65473 349
65489 354
65505 356
65522 364
65538 368
65554 356
65571 369
65587 355
65603 376
65620 378
65636 384
65652 388
65669 388
65685 393
65701 399
65718 404
65734 398
65750 403
65767 402
65783 416
65799 384
65816 429
65832 422
65848 434
65865 423
65881 429
65897 437
65914 442
65930 444
65946 450
65963 444
65979 443
65995 452
66012 455
66028 461
66044 460
66061 467
66077 468
66093 466
66110 475
66126 471
66142 478
66159 480
66175 495
66191 487
66208 485
66224 498
66240 480
66257 497
66273 494
66289 486
66306 500
66322 497
66338 504
66355 502
66371 513
66387 507
66404 505
66420 513
66436 511
66453 501
66469 513
66485 510
66502 522
66518 519
66534 526
66551 528
66567 525
66583 515
66600 521
66616 531
66632 529
66649 520
66665 528
66681 526
66698 529
66714 529
66730 523
66747 533
66763 527
66779 528
66796 528
66812 514
66828 522
66845 526
66861 522
66877 511
66894 529
66910 529
66926 520
66943 527
66959 523
66975 522
66993 515
67009 521
67026 520
67042 521
67059 558
67075 513
67092 512
67108 511
67124 506
67141 502
67157 483
67174 501
67190 500
67207 506
67223 507
67239 500
67256 488
67272 487
67289 483
67305 488
67322 481
67338 477
67354 479
67371 452
67387 473
67404 465
67420 463
67437 461
67453 456
67469 454
67486 445
67502 445
67519 440
67535 442
67552 434
67568 430
67584 422
67601 430
67617 425
67634 416
67650 412
67667 408
67683 408
67699 390
67716 401
67732 390
67749 385
67765 384
67782 367
67798 365
67814 366
67831 362
67847 379
67864 359
67880 351
67897 346
67913 346
67929 309
67946 331
67962 328
67979 309
67995 320
68012 309
68028 311
68045 300
68061 302
68078 290
68094 276
68110 256
68127 272
68143 273
68160 257
68176 264
68193 246
68209 271
68225 251
68242 238
68258 241
68275 230
68291 221
68308 223
68324 219
68340 216
68357 211
68373 207
68390 205
68406 208
68423 193
68439 186
68455 189
68472 182
68488 195
68505 185
68521 198
68538 183
68554 177
68570 175
68587 174
68603 170
68620 172
68636 174
68653 174
68669 173
68685 169
68702 169
68718 171
68735 174
68751 167
68768 168
68784 178
68800 171
68817 179
68833 180
68850 225
68866 188
68883 184
68899 178
68915 193
68932 186
68948 188
68965 190
68981 189
68999 194
69015 196
69032 236
69048 192
69065 197
69081 212
69097 202
69114 213
69130 209
69147 217
69163 198
69180 219
69196 221
69212 235
69229 221
69245 215
69262 231
69278 237
69295 237
69311 235
69327 241
69344 220
69360 241
69377 244
69393 240
69410 252
69426 266
69442 262
69459 263
69475 264
69492 274
69508 271
69525 275
69541 276
69557 280
69574 287
69590 287
69607 295
69623 292
69640 300
69656 299
69672 294
69689 304
69705 303
69722 309
69738 312
69755 327
69771 321
69787 331
69804 333
69820 334
69837 336
69853 343
69870 345
69886 349
69902 388
69919 354
69935 361
69952 359
69968 365
69986 367
70002 376
70019 374
70035 374
70051 384
70068 387
70084 368
70101 383
70117 397
70134 393
70150 406
70166 405
70183 406
70199 410
70216 408
70232 415
70249 418
70265 424
70281 423
70298 427
70314 426
70331 431
70347 436
70364 464
70380 443
70396 445
70413 448
70429 454
70446 450
70462 454
70479 460
70495 460
70511 467
70528 465
70544 468
70561 468
70577 478
70594 475
70610 461
70626 479
70643 476
70659 482
70676 481
70692 490
70709 490
70725 494
70741 492
70758 499
70774 495
70791 498
70807 499
70824 508
70840 502
70856 501
70873 499
70889 503
70906 508
70922 506
70939 504
70955 505
70971 514
70989 513
71005 585
71022 512
71038 512
71055 509
71071 513
71088 506
71104 514
71120 515
71137 553
71153 514
71170 514
71186 511
71203 519
71219 513
71235 513
71252 506
71268 507
71285 508
71301 501
71318 491
71334 513
71350 495
71367 510
71383 505
71400 501
71416 504
71433 500
71449 503
71465 493
71482 491
71498 488
71515 490
71531 491
71548 469
71564 487
71580 482
71597 481
71613 478
71630 462
71646 471
71663 476
71679 472
71695 474
71712 466
71728 465
71745 463
71761 459
71778 457
71794 450
71810 450
71827 452
71843 443
71860 446
71876 418
71893 433
71909 425
71925 428
71942 421
71958 436
71975 418
71992 415
72009 408
72025 401
72042 412
72058 429
72074 394
72091 389
72107 384
72124 382
72140 378
72157 373
72173 360
72189 354
72206 356
72222 354
72239 346
72255 350
72272 341
72288 338
72304 334
72321 321
72337 324
72354 321
72370 299
72387 311
72403 308
72419 299
72436 296
72452 291
72469 287
72485 283
72502 257
72518 262
72534 264
72551 259
72567 263
72584 257
72600 257
72617 246
72633 243
72649 237
72666 229
72682 229
72699 221
72715 220
72732 216
72748 215
72764 207
72781 207
72797 208
72814 187
72830 194
72847 188
72863 190
72879 171
72896 193
72912 189
72929 181
72945 182
72962 186
72978 173
72996 175
73012 176
73028 176
73045 183
73061 175
73078 169
73094 175
73111 150
73127 177
73143 171
73160 174
73176 171
73193 175
73209 183
73226 182
73242 182
73258 182
73275 183
73291 175
73308 187
73324 187
73341 192
73357 194
73373 189
73390 197
73406 205
73423 210
73439 198
73456 201
73472 200
73488 205
73505 202
73521 215
73538 222
73554 217
73571 215
73587 220
73603 236
73620 225
73636 228
73653 232
73669 231
73686 234
73702 235
73718 231
73735 245
73751 229
73768 246
73784 246
73801 253
73817 251
73833 262
73850 256
73866 255
73883 274
73899 268
73916 274
73932 277
73948 281
73965 284
73981 290
73999 294
74015 297
74032 294
74048 297
74065 307
74081 316
74097 304
74114 313
74130 327
74147 324
74163 319
74180 329
74196 334
74212 328
74229 336
74245 342
74262 347
74278 349
74295 349
74311 353
74327 359
74344 367
74360 364
74377 357
74393 368
74410 371
74426 375
74442 369
74459 390
74475 389
74492 396
74508 394
74525 398
74541 393
74557 404
74574 408
74590 411
74607 412
74623 417
74640 432
74656 422
74672 426
74689 430
74705 437
74722 424
74738 432
74755 439
74771 448
74787 457
74804 449
74820 447
74837 450
74853 459
74870 463
74886 462
74902 422
74919 469
74935 469
74952 476
74968 473
74986 476
75002 478
75019 478
75035 480
75051 482
75068 484
75084 498
75101 495
75117 490
75134 494
75150 499
75166 515
75183 499
75199 504
75216 506
75232 505
75249 507
75265 508
75281 509
75298 511
75314 495
75331 508
75347 508
75364 515
75380 514
75396 544
75413 519
75429 520
75446 519
75462 524
75479 513
75495 520
75511 522
75528 521
75544 522
75561 521
75577 520
75594 519
75610 520
75626 520
75643 521
75659 516
75676 515
75692 517
75709 514
75725 523
75741 519
75758 524
75774 514
75791 515
75807 513
75824 508
75840 513
75856 508
75873 511
75889 505
75906 506
75922 506
75939 501
75955 508
75971 500
75989 494
76005 496
76022 502
76038 495
76055 487
76071 488
76088 485
76104 481
76120 468
76137 478
76153 478
76170 473
76186 473
76203 470
76219 464
76235 464
76252 456
76268 455
76285 457
76301 448
76318 423
76334 442
76350 439
76367 428
76383 430
76400 430
76416 429
76433 422
76449 420
76465 413
76482 413
76498 413
76515 402
76531 401
76548 397
76564 393
76580 386
76597 381
76613 381
76630 379
76646 370
76663 365
76679 364
76695 342
76712 355
76728 349
76745 351
76761 342
76778 335
76794 333
76810 327
76827 325
76843 316
76860 314
76876 323
76893 302
76909 300
76925 282
76942 292
76958 285
76975 282
76992 278
77009 271
77025 265
77042 264
77058 229
77074 254
77091 246
77107 245
77124 236
77140 232
77157 232
77173 229
77189 211
77206 218
77222 216
77239 207
77255 208
77272 204
77288 201
77304 195
77321 194
77337 193
77354 192
77370 195
77387 188
77403 182
77419 191
77436 171
77452 181
77469 181
77485 176
77502 183
77518 161
77534 173
77551 177
77567 169
77584 174
77600 187
77617 173
77633 179
77649 178
77666 180
77682 176
77699 183
77715 179
77732 186
77748 191
77764 186
77781 185
77797 169
77814 189
77830 194
77847 177
77863 192
77879 190
77896 197
77912 198
77929 212
77945 206
77962 209
77978 213
77996 210
78012 211
78028 213
78045 212
78061 221
78078 221
78094 225
78111 239
78127 231
78143 224
78160 228
78176 233
78193 239
78209 239
78226 253
78242 252
78258 255
78275 252
78291 243
78308 261
78324 266
78341 275
78357 260
78373 274
78390 276
78406 281
78423 269
78439 288
78456 290
78472 294
78488 299
78505 297
78521 300
78538 314
78554 313
78571 320
78587 316
78603 339
78620 323
78636 324
78653 332
78669 331
78686 340
78702 342
78718 346
78735 346
78751 352
78768 359
78784 349
78801 358
78817 364
78833 369
78850 371
78866 380
78883 383
78899 386
78916 388
78932 390
78948 385
78965 396
78981 397
78999 407
79015 412
79032 402
79048 418
79065 421
79081 405
79097 427
79114 424
79130 436
79147 429
79163 427
79180 443
79196 440
79212 451
79229 457
79245 455
79262 458
79278 459
79295 467
79311 473
79327 474
79344 449
79360 475
79377 476
79393 480
79410 484
79426 482
79442 484
79459 490
79475 430
79492 499
79508 499
79525 499
79541 504
79557 508
79574 506
79590 511
79607 513
79623 518
79640 518
79656 511
79672 526
79689 519
79705 527
79722 522
79738 524
79755 522
79771 523
79787 523
79804 533
79820 535
79837 535
79853 535
79870 538
79886 535
79902 511
79919 541
79935 541
79952 546
79968 542
79986 534
80002 540
80019 520
80035 538
80051 552
80068 547
80084 525
80101 546
80117 541
80134 547
80150 538
80166 541
80183 540
80199 540
80216 537
80232 537
80249 539
80265 537
80281 537
80298 528
80314 538
80331 532
80347 520
80364 525
80380 524
80396 551
80413 518
80429 535
80446 501
80462 521
80479 517
80495 518
80511 513
80528 512
80544 509
80561 512
80577 506
80594 505
80610 502
80626 497
80643 489
80659 490
80676 487
80692 491
80709 482
80725 479
80741 483
80758 474
80774 474
80791 468
80807 474
80824 453
80840 457
80856 455
80873 442
80889 450
80906 433
80922 442
80939 436
80955 384
80971 432
80989 419
81005 397
81022 412
81038 418
81055 413
81071 401
81088 396
81104 390
81120 390
81137 396
81153 378
81170 369
81186 360
81203 366
81219 361
81235 356
81252 349
81268 345
81285 326
81301 335
81318 329
81334 327
81350 317
81367 323
81383 312
81400 311
81416 302
81433 304
81449 302
81465 293
81482 281
81498 284
81515 297
81531 265
81548 261
81564 257
81580 254
81597 246
81613 244
81630 272
81646 232
81663 224
81679 223
81695 226
81712 206
81728 206
81745 202
81761 208
81778 200
81794 200
81810 191
81827 191
81843 190
81860 185
81876 131
81893 181
81909 179
81925 164
81942 179
81958 171
81975 175
81992 179
82009 176
82025 181
82042 172
82058 189
82074 173
82091 170
82107 157
82124 177
82140 178
82157 178
82173 180
82189 179
82206 181
82222 159
82239 190
82255 182
82272 190
82288 184
82304 198
82321 192
82337 200
82354 196
82370 198
82387 201
82403 191
82419 209
82436 202
82452 206
82469 210
82485 211
82502 209
82518 215
82534 218
82551 211
82567 218
82584 220
82600 227
82617 225
82633 235
82649 235
82666 242
82682 241
82699 245
82715 243
82732 252
82748 257
82764 250
82781 261
82797 210
82814 265
82830 265
82847 278
82863 272
82879 279
82896 281
82912 281
82929 280
82945 294
82962 291
82978 306
82996 300
83012 300
83028 298
83045 311
83061 312
83078 319
83094 311
83111 310
83127 327
83143 331
83160 341
83176 335
83193 335
83209 339
83226 345
83242 359
83258 355
83275 356
83291 299
83308 365
83324 371
83341 368
83357 376
83373 372
83390 384
83406 387
83423 389
83439 391
83456 397
83472 394
83488 385
83505 407
83521 407
83538 418
83554 414
83571 422
83587 425
83603 437
83620 428
83636 438
83653 437
83669 442
83686 446
83702 444
83718 451
83735 452
83751 457
83768 455
83784 461
83801 462
83817 466
83833 468
83850 477
83866 474
83883 480
83899 479
83916 487
83932 492
83948 484
83965 491
83981 497
83999 495
84015 508
84032 483
84048 506
84065 507
84081 509
84097 513
84114 516
84130 519
84147 512
84163 476
84180 530
84196 529
84212 525
84229 522
84245 527
84262 530
84278 526
84295 537
84311 527
84327 533
84344 547
84360 535
84377 532
84393 533
84410 539
84426 516
84442 539
84459 523
84475 539
84492 537
84508 549
84525 538
84541 534
84557 539
84574 543
84590 532
84607 546
84623 529
84640 536
84656 539
84672 538
84689 538
84705 535
84722 532
84738 543
84755 520
84771 522
84787 527
84804 528
84820 523
84837 530
84853 524
84870 529
84886 526
84902 516
84919 524
84935 505
84952 514
84968 513
84986 509
85002 506
85019 507
85035 503
85051 489
85068 491
85084 493
85101 492
85117 484
85134 493
85150 484
85166 487
85183 471
85199 473
85216 466
85232 481
85249 465
85265 468
85281 457
85298 451
85314 453
85331 441
85347 441
85364 436
85380 435
85396 416
85413 419
85429 420
85446 425
85462 422
85479 405
85495 402
85511 403
85528 395
85544 398
85561 390
85577 384
85594 378
85610 370
85626 360
85643 363
85659 364
85676 359
85692 330
85709 341
85725 329
85741 332
85758 322
85774 345
85791 318
85807 314
85824 308
85840 304
85856 296
85873 304
85889 287
85906 280
85922 277
85939 269
85955 243
85971 258
85989 242
86005 246
86022 242
86038 242
86055 229
86071 237
86088 224
86104 225
86120 214
86137 231
86153 208
86170 206
86186 205
86203 189
86219 197
86235 191
86252 187
86268 181
86285 183
86301 180
86318 174
86334 175
86350 167
86367 169
86383 167
86400 182
86416 172
86433 159
86449 177
86465 172
86482 168
86498 170
86515 171
86531 174
86548 174
86564 172
86580 173
86597 171
86613 180
86630 148
86646 177
86663 177
86679 180
86695 180
86712 182
86728 190
86745 189
86761 196
86778 195
86794 198
86810 204
86827 184
86843 203
86860 202
86876 210
86893 203
86909 209
86925 212
86942 216
86958 206
86975 217
86992 221
87009 233
87025 288
87042 232
87058 249
87074 233
87091 240
87107 239
87124 244
87140 247
87157 248
87173 248
87189 262
87206 255
87222 259
87239 262
87255 260
87272 268
87288 267
87304 278
87321 272
87337 294
87354 287
87370 291
87387 303
87403 297
87419 300
87436 303
87452 307
87469 308
87485 316
87502 314
87518 318
87534 320
87551 324
87567 329
87584 338
87600 332
87617 338
87633 342
87649 358
87666 356
87682 356
87699 352
87715 363
87732 365
87748 370
87764 375
87781 379
87797 378
87814 384
87830 386
87847 386
87863 393
87879 400
87896 384
87912 401
87929 394
87945 408
87962 408
87978 421
87996 416
88012 421
88028 435
88045 429
88061 432
88078 432
88094 437
88111 448
88127 440
88143 445
88160 439
88176 457
88193 441
88209 454
88226 456
88242 462
88258 465
88275 473
88291 486
88308 481
88324 475
88341 478
88357 475
88373 483
88390 490
88406 485
88423 488
88439 491
88456 493
88472 519
88488 497
88505 502
88521 502
88538 497
88554 497
88571 505
88587 502
88603 512
88620 510
88636 510
88653 512
88669 513
88686 514
88702 515
88718 518
88735 516
88751 519
88768 512
88784 519
88801 517
88817 521
88833 500
88850 520
88866 516
88883 521
88899 519
88916 529
88932 525
88948 526
88965 519
88981 522
88999 522
89015 523
89032 522
89048 522
89065 509
89081 523
89097 516
89114 519
89130 513
89147 546
89163 506
89180 509
89196 464
89212 525
89229 511
89245 507
89262 504
89278 507
89295 505
89311 496
89327 493
89344 495
89360 495
89377 492
89393 485
89410 483
89426 484
89442 481
89459 470
89475 472
89492 469
89508 453
89525 464
89541 472
89557 467
89574 459
89590 455
89607 458
89623 448
89640 481
89656 445
89672 438
89689 437
89705 425
89722 409
89738 424
89755 417
89771 420
89787 415
89804 401
89820 406
89837 397
89853 403
89870 398
89886 399
89902 383
89919 381
89935 376
89952 368
89968 365
89986 359
90002 355
90019 350
90035 345
90051 343
90068 336
90084 322
90101 327
90117 316
90134 320
90150 307
90166 314
90183 297
90199 296
90216 294
90232 288
90249 276
90265 301
90281 271
90298 268
90314 262
90331 257
90347 252
90364 247
90380 245
90396 231
90413 233
90429 226
90446 217
90462 213
90479 219
90495 218
90511 218
90528 206
90544 203
90561 195
90577 201
90594 190
90610 187
90626 193
90643 183
90659 182
90676 171
90692 177
90709 177
90725 176
90741 171
90758 167
90774 171
90791 167
90807 182
90824 141
90840 176
90856 175
90873 180
90889 173
90906 175
90922 175
90939 176
90955 151
90971 178
90989 182
91005 184
91022 172
91038 182
91055 187
91071 187
91088 180
91104 194
91120 196
91137 188
91153 194
91170 199
91186 200
91203 203
91219 204
91235 205
91252 207
91268 203
91285 209
91301 213
91318 244
91334 224
91350 218
91367 218
91383 228
91400 225
91416 241
91433 239
91449 247
91465 240
91482 239
91498 252
91515 249
91531 244
91548 251
91564 260
91580 262
91597 260
91613 262
91630 231
91646 270
91663 265
91679 276
91695 276
91712 281
91728 285
91745 296
91761 296
91778 296
91794 297
91810 304
91827 309
91843 333
91860 313
91876 339
91893 324
91909 318
91925 331
91942 334
91958 334
91975 335
91992 330
92009 345
92025 344
92042 353
92058 359
92074 359
92091 364
92107 359
92124 352
92140 373
92157 379
92173 379
92189 379
92206 388
92222 391
92239 391
92255 395
92272 399
92288 385
92304 401
92321 403
92337 411
92354 412
92370 416
92387 423
92403 425
92419 429
92436 432
92452 434
92469 438
92485 436
92502 440
92518 445
92534 449
92551 469
92567 455
92584 456
92600 436
92617 457
92633 459
92649 465
92666 466
92682 472
92699 475
92715 478
92732 481
92748 486
92764 489
92781 485
92797 491
92814 487
92830 491
92847 492
92863 498
92879 497
92896 499
92912 501
92929 506
92945 493
92962 497
92978 505
92996 513
93012 508
93028 509
93045 511
93061 512
93078 511
93094 514
93111 516
93127 504
93143 513
93160 517
93176 519
93193 519
93209 518
93226 517
93242 516
93258 520
93275 519
93291 521
93308 511
93324 515
93341 520
93357 518
93373 517
93390 525
93406 518
93423 518
93439 511
93456 514
93472 515
93488 515
93505 513
93521 515
93538 512
93554 505
93571 506
93587 507
93603 499
93620 507
93636 508
93653 497
93669 499
93686 495
93702 496
93718 498
93735 491
93751 489
93768 487
93784 483
93801 487
93817 481
93833 477
93850 507
93866 469
93883 476
93899 468
93916 468
93932 463
93948 459
93965 455
93981 452
93999 454
94015 448
94032 403
94048 444
94065 443
94081 439
94097 440
94114 430
94130 426
94147 424
94163 402
94180 414
94196 401
94212 407
94229 397
94245 409
94262 398
94278 394
94295 387
94311 384
94327 378
94344 398
94360 373
94377 362
94393 358
94410 361
94426 351
94442 355
94459 342
94475 340
94492 325
94508 327
94525 320
94541 322
94557 312
94574 317
94590 311
94607 301
94623 296
94640 292
94656 287
94672 280
94689 280
94705 271
94722 190
94738 262
94755 258
94771 266
94787 246
94804 233
94820 230
94837 233
94853 228
94870 223
94886 239
94902 230
94919 217
94935 211
94952 217
94968 202
94986 207
95002 203
95019 192
95035 189
95051 189
95068 187
95084 191
95101 168
95117 181
95134 154
95150 176
95166 174
95183 190
95199 181
95216 175
95232 168
95249 175
95265 208
95281 176
95298 176
95314 172
95331 176
95347 170
95364 176
95380 179
95396 138
95413 181
95429 172
95446 188
95462 180
95479 185
95495 187
95511 193
95528 192
95544 194
95561 191
95577 186
95594 203
95610 202
95626 197
95643 206
95659 208
95676 212
95692 210
95709 205
95725 221
95741 216
95758 218
95774 217
95791 221
95807 227
95824 261
95840 236
95856 247
95873 239
95889 246
95906 243
95922 247
95939 256
95955 256
95971 240
95989 260
96005 281
96022 268
96038 266
96055 268
96071 269
96088 279
96104 281
96120 300
96137 282
96153 293
96170 297
96186 299
96203 287
96219 303
96235 308
96252 310
96268 314
96285 312
96301 321
96318 276
96334 328
96350 335
96367 327
96383 334
96400 337
96416 347
96433 346
96449 360
96465 358
96482 361
96498 354
96515 365
96531 370
96548 374
96564 379
96580 380
96597 385
96613 392
96630 440
96646 398
96663 397
96679 390
96695 398
96712 404
96728 410
96745 366
96761 414
96778 424
96794 429
96810 429
96827 433
96843 434
96860 439
96876 404
96893 445
96909 448
96925 452
96942 452
96958 456
96975 460
96992 472
97009 462
97025 463
97042 479
97058 471
97074 482
97091 481
97107 485
97124 486
97140 490
97157 488
97173 492
97189 493
97206 500
97222 501
97239 602
97255 506
97272 503
97288 523
97304 488
97321 512
97337 503
97354 517
97370 534
97387 531
97403 522
97419 518
97436 523
97452 526
97469 526
97485 527
97502 528
97518 526
97534 526
97551 585
97567 532
97584 530
97600 537
97617 538
97633 527
97649 532
97666 531
97682 536
97699 532
97715 548
97732 540
97748 540
97764 540
97781 540
97797 501
97814 543
97830 538
97847 532
97863 536
97879 530
97896 536
97912 536
97929 532
97945 533
97962 525
97978 521
97996 523
98012 530
98028 535
98045 529
98061 522
98078 520
98094 518
98111 453
98127 519
98143 510
98160 512
98176 511
98193 516
98209 503
98226 500
98242 503
98258 496
98275 490
98291 513
98308 492
98324 508
98341 488
98357 486
98373 486
98390 480
98406 474
98423 483
98439 468
98456 460
98472 464
98488 460
98505 460
98521 451
98538 447
98554 444
98571 430
98587 434
98603 371
98620 431
98636 421
98653 429
98669 420
98686 426
98702 408
98718 409
98735 404
98751 395
98768 402
98784 387
98801 382
98817 378
98833 378
98850 372
98866 365
98883 360
98899 350
98916 348
98932 342
98948 344
98965 336
98981 334
98999 312
99015 330
99032 316
99048 325
99065 309
99081 304
99097 305
99114 296
99130 285
99147 287
99163 285
99180 253
99196 278
99212 263
99229 260
99245 256
99262 252
99278 253
99295 244
99311 239
99327 232
99344 232
99360 279
99377 222
99393 216
99410 215
99426 213
99442 202
99459 202
99475 191
99492 200
99508 175
99525 190
99541 181
99557 184
99574 180
99590 193
99607 183
99623 182
99640 177
99656 174
99672 177
99689 173
99705 170
99722 176
99738 175
99755 174
99771 181
99787 177
99804 180
99820 189
99837 166
99853 176
99870 176
99886 179
99902 177
99919 191
99935 187
99952 212
99968 191
99986 182
100002 187
100019 184
100035 192
100051 193
100068 202
100084 155
100101 203
100117 206
100134 198
100150 210
100166 202
100183 216
100199 213
100216 224
100232 223
100249 229
100265 216
100281 230
100298 227
100314 241
100331 245
100347 241
100364 242
100380 240
100396 292
100413 249
100429 249
100446 250
100462 258
100479 256
100495 262
100511 265
100528 288
100544 276
100561 275
100577 284
100594 284
100610 282
100626 303
100643 298
100659 294
100676 303
100692 303
100709 307
100725 309
100741 313
100758 317
100774 318
100790 316
100806 327
100823 336
100839 335
100855 337
100872 337
100888 350
100904 350
100920 360
100937 350
100953 372
100969 365
100987 369
101003 381
101019 373
101035 390
101052 372
101068 388
101084 409
101101 390
101117 398
101133 401
101149 387
101166 403
101182 413
101198 412
101215 444
101231 414
101247 433
101263 422
101280 436
101296 441
101312 433
101329 449
101345 449
101361 448
101377 457
101394 454
101410 459
101426 462
101443 462
101459 468
101475 474
101491 473
101508 477
101524 484
101540 472
101557 484
101573 479
101589 496
101605 488
101622 492
101638 503
101654 502
101671 504
101687 509
101703 513
101719 323
101736 515
101752 510
101768 523
101785 519
101801 521
101817 525
101833 524
101850 534
101866 527
101882 532
101899 529
101915 531
101931 535
101947 532
101964 530
101980 527
101998 540
102014 541
102030 530
102046 545
102063 541
102079 550
102095 544
102112 545
102128 547
102144 539
102160 551
102177 549
102193 545
102209 548
102226 546
102242 548
102258 539
102274 547
102291 541
102307 542
102323 540
102340 545
102356 545
102372 561
102388 548
102405 543
102421 547
102437 541
102454 539
102470 543
102486 538
102502 538
102519 535
102535 532
102551 537
102568 536
102584 529
102600 526
102616 529
102633 523
102649 522
102665 507
102682 518
102698 509
102714 508
102730 510
102747 547
102763 508
102779 507
102796 507
102812 500
102828 493
102844 504
102861 487
102877 487
102893 484
102910 479
102926 474
102942 473
102958 468
102975 465
102992 456
103008 454
103025 449
103041 440
103057 395
103074 438
103090 435
103106 433
103122 436
103139 423
103155 420
103171 419
103188 392
103204 405
103220 404
103236 419
103253 397
103269 390
103285 393
103302 379
103318 334
103334 372
103350 364
103367 357
103383 356
103399 350
103416 338
103432 334
103448 330
103464 325
103481 326
103497 316
103513 327
103530 313
103546 304
103562 301
103578 304
103595 290
103611 286
103627 278
103644 275
103660 270
103676 261
103692 259
103709 255
103725 247
103741 245
103758 238
103774 236
103790 230
103806 208
103823 156
103839 206
103855 207
103872 205
103888 200
103904 200
103920 195
103937 196
103953 199
103969 189
103987 186
104003 178
104019 180
104035 177
104052 177
104068 176
104084 173
104101 174
104117 170
104133 169
104149 173
104166 162
104182 168
104198 165
104215 181
104231 172
104247 169
104263 183
104280 161
104296 179
104312 178
104329 179
104345 181
104361 179
104377 181
104394 187
104410 191
104426 195
104443 194
104459 192
104475 192
104491 194
104508 193
104524 197
104540 199
104557 187
104573 197
104589 200
104605 205
104622 210
104638 209
104654 221
104671 223
104687 224
104703 224
104719 200
104736 226
104752 231
104768 239
104785 239
104801 239
104817 243
104833 243
104850 217
104866 248
104882 255
104899 252
104915 259
104931 259
104947 256
104964 267
104980 268
104998 270
105014 273
105030 283
105046 284
105063 297
105079 290
105095 295
105112 295
105128 298
105144 305
105160 282
105177 310
105193 313
105209 315
105226 319
105242 325
105258 321
105274 331
105291 334
105307 329
105323 340
105340 333
105356 343
105372 350
105388 351
105405 365
105421 365
105437 366
105454 373
105470 370
105486 378
105502 378
105519 275
105535 388
105551 409
105568 392
105584 399
105600 400
105616 404
105633 410
105649 408
105665 421
105682 416
105698 414
105714 417
105730 422
105747 440
105763 431
105779 442
105796 451
105812 450
105828 443
105844 447
105861 452
105877 455
105893 456
105910 464
105926 460
105942 465
105958 469
105975 485
105992 474
106008 472
106025 475
106041 477
106057 514
106074 481
106090 481
106106 492
106122 495
106139 489
106155 505
106171 496
106188 514
106204 501
106220 504
106236 506
106253 508
106269 510
106285 511
106302 511
106318 512
106334 517
106350 516
106367 523
106383 517
106399 518
106416 523
106432 519
106448 496
106464 522
106481 518
106497 524
106513 522
106530 537
106546 529
106562 525
106578 456
106595 528
106611 529
106627 529
106644 527
106660 526
106676 536
106692 527
106709 532
106725 528
106741 529
106758 526
106774 524
106790 524
106806 526
106823 485
106839 513
106855 518
106872 514
106888 518
106904 514
106920 533
106937 519
106953 521
106969 516
106987 515
107003 514
107019 507
107035 505
107052 505
107068 502
107084 500
107101 496
107117 495
107133 488
107149 490
107166 484
107182 490
107198 475
107215 466
107231 475
107247 472
107263 464
107280 476
107296 476
107312 464
107329 462
107345 457
107361 452
107377 452
107394 444
107410 441
107426 439
107443 445
107459 431
107475 428
107491 422
107508 419
107524 420
107540 410
107557 408
107573 394
107589 397
107605 391
107622 385
107638 386
107654 377
107671 389
107687 375
107703 370
107719 484
107736 360
107752 358
107768 350
107785 345
107801 342
107817 336
107833 331
107850 338
107866 319
107882 315
107899 310
107915 298
107931 304
107947 295
107964 275
107980 280
107998 282
108014 271
108030 277
108046 269
108063 264
108079 261
108095 245
108112 256
108128 241
108144 235
108160 332
108177 229
108193 223
108209 220
108226 218
108242 213
108258 204
108274 201
108291 177
108307 196
108323 180
108340 183
108356 186
108372 182
108388 179
108405 179
108421 181
108437 175
108454 178
108470 184
108486 175
108502 174
108519 173
108535 174
108551 134
108568 174
108584 172
108600 172
108616 172
108633 170
108649 178
108665 175
108682 179
108698 177
108714 178
108730 180
108747 177
108763 179
108779 183
108796 188
108812 192
108828 182
108844 197
108861 183
108877 192
108893 200
108910 199
108926 208
108942 204
108958 202
108975 207
108992 206
109008 211
109025 211
109041 214
109057 198
109074 210
109090 217
109106 226
109122 223
109139 227
109155 228
109171 236
109188 228
109204 245
109220 244
109236 246
109253 249
109269 253
109285 251
109302 259
109318 222
109334 266
109350 266
109367 269
109383 272
109399 273
109416 275
109432 280
109448 270
109464 283
109481 287
109497 302
109513 293
109530 298
109546 298
109562 310
109578 304
109595 318
109611 324
109627 321
109644 321
109660 324
109676 326
109692 329
109709 330
109725 336
109741 341
109758 348
109774 353
109790 350
109806 352
109823 356
109839 358
109855 370
109872 366
109888 360
109904 376
109920 376
109937 380
109953 343
109969 387
109987 391
110003 394
110019 396
110035 399
110052 405
110068 406
110084 423
110101 414
110117 418
110133 407
110149 430
110166 424
110182 429
110198 433
110215 441
110231 436
110247 442
110263 440
110280 441
110296 446
110312 450
110329 459
110345 455
110361 458
110377 459
110394 461
110410 466
110426 465
110443 486
110459 472
110475 473
110491 475
110508 478
110524 481
110540 486
110557 487
110573 477
110589 477
110605 497
110622 487
110638 483
110654 492
110671 499
110687 498
110703 502
110719 520
110736 506
110752 506
110768 507
110785 504
110801 507
110817 508
110833 512
110850 509
110866 526
110882 514
110899 513
110915 513
110931 514
110947 510
110964 514
110980 513
110998 518
111014 514
111030 512
111046 523
111063 514
111079 517
111095 517
111112 516
111128 515
111144 516
111160 524
111177 509
111193 510
111209 510
111226 506
111242 506
111258 507
111274 509
111291 503
111307 502
111323 503
111340 492
111356 494
111372 493
111388 492
111405 493
111421 489
111437 506
111454 490
111470 484
111486 486
111502 481
111519 488
111535 475
111551 474
111568 476
111584 468
111600 470
111616 459
111633 462
111649 460
111665 456
111682 453
111698 448
111714 446
111730 425
111747 435
111763 427
111779 430
111796 430
111812 425
111828 429
111844 423
111861 402
111877 404
111893 409
111910 405
111926 403
111942 397
111958 395
111975 391
111992 384
112008 380
112025 377
112041 371
112057 400
112074 364
112090 350
112106 366
112122 338
112139 344
112155 344
112171 338
112188 374
112204 330
112220 327
112236 328
112253 312
112269 313
112285 310
112302 302
112318 303
112334 292
112350 284
112367 288
112383 276
112399 273
112416 268
112432 258
112448 272
112464 253
112481 240
112497 244
112513 232
112530 236
112546 231
112562 223
112578 245
112595 223
112611 222
112627 216
112644 210
112660 202
112676 194
112692 202
112709 202
112725 195
112741 189
112758 186
112774 183
112790 182
112806 178
112823 169
112839 181
112855 177
112872 150
112888 172
112904 171
112920 173
112937 170
112953 155
112969 179
112987 181
113003 174
113019 182
113035 179
113052 178
113068 173
113084 207
113101 180
113117 187
113133 177
113149 186
113166 187
113182 186
113198 193
113215 190
113231 181
113247 188
113263 179
113280 193
113296 199
113312 198
113329 203
113345 206
113361 235
113377 211
113394 199
113410 218
113426 216
113443 217
113459 222
113475 226
113491 228
113508 228
113524 231
113540 230
113557 238
113573 240
113589 244
113605 247
113622 243
113638 245
113654 249
113671 252
113687 255
113703 253
113719 275
113736 267
113752 270
113768 269
113785 276
113801 275
113817 289
113833 284
113850 292
113866 290
113882 296
113899 292
113915 295
113931 302
113947 305
113964 310
113980 327
113998 314
114014 316
114030 319
114046 323
114063 323
114079 342
114095 336
114112 349
114128 342
114144 347
114160 279
114177 352
114193 354
114209 359
114226 356
114242 366
114258 366
114274 369
114291 379
114307 379
114323 366
114340 400
114356 385
114372 384
114388 391
114405 391
114421 373
114437 409
114454 412
114470 414
114486 412
114502 417
114519 420
114535 424
114551 369
114568 431
114584 435
114600 435
114616 430
114633 441
114649 441
114665 429
114682 450
114698 450
114714 456
114730 456
114747 443
114763 455
114779 459
114796 462
114812 466
114828 468
114844 484
114861 478
114877 480
114893 496
114910 484
114926 494
114942 486
114958 487
114975 488
114992 494
115008 493
115025 495
115041 501
115057 515
115074 499
115090 504
115106 482
115122 500
115139 502
115155 509
115171 507
115188 509
115204 508
115220 516
115236 517
115253 523
115269 516
115285 520
115302 521
115318 497
115334 525
115350 516
115367 516
115383 519
115399 514
115416 519
115432 513
115448 456
115464 521
115481 521
115497 514
115513 519
115530 514
115546 512
115562 511
115578 527
115595 522
115611 519
115627 523
115644 522
115660 510
115676 512
115692 513
115709 503
115725 516
115741 510
115758 504
115774 512
115790 506
115806 507
115823 503
115839 501
115855 501
115872 505
115888 487
115904 490
115920 488
115937 486
115953 435
115969 480
115987 484
116003 489
116019 468
116035 476
116052 470
116068 471
116084 461
116101 466
116117 460
116133 452
116149 454
116166 456
116182 451
116198 446
116215 446
116231 441
116247 429
116263 426
116280 423
116296 427
116312 423
116329 414
116345 424
116361 413
116377 409
116394 398
116410 400
116426 399
116443 390
116459 385
116475 390
116491 380
116508 377
116524 376
116540 369
116557 366
116573 364
116589 354
116605 353
116622 351
116638 334
116654 339
116671 327
116687 326
116703 324
116719 321
116736 319
116752 304
116768 297
116785 302
116801 294
116817 297
116833 287
116850 287
116866 280
116882 270
116899 272
116915 270
116931 264
116947 259
116964 252
116980 244
116998 233
117014 236
117030 230
117046 229
117063 224
117079 216
117095 219
117112 215
117128 219
117144 205
117160 222
117177 203
117193 194
117209 198
117226 196
117242 189
117258 191
117274 200
117291 195
117307 185
117323 180
117340 182
117356 184
117372 177
117388 175
117405 178
117421 162
117437 177
117454 177
117470 186
117486 182
117502 167
117519 183
117535 178
117551 187
117568 183
117584 178
117600 177
117616 180
117633 178
117649 188
117665 197
117682 184
117698 195
117714 199
117730 193
117747 198
117763 199
117779 204
117796 200
117812 199
117828 203
117844 208
117861 220
117877 216
117893 216
117910 221
117926 220
117942 216
117958 233
117975 221
117992 229
118008 238
118025 235
118041 235
118057 257
118074 240
118090 245
118106 247
118122 250
118139 247
118155 250
118171 252
118188 299
118204 263
118220 285
118236 278
118253 277
118269 277
118285 285
118302 278
118318 310
118334 291
118350 297
118367 305
118383 298
118399 303
118416 309
118432 307
118448 343
118464 318
118481 319
118497 344
118513 315
118530 332
118546 329
118562 331
118578 343
118595 339
118611 350
118627 361
118644 354
118660 366
118676 371
118692 370
118709 370
118725 369
118741 380
118758 380
118774 375
118790 388
118806 388
118823 422
118839 397
118855 398
118872 410
118888 408
118904 395
118920 410
118937 411
118953 442
118969 420
118987 432
119003 432
119019 441
119035 438
119052 444
119068 444
119084 449
119101 450
119117 454
119133 449
119149 462
119166 472
119182 461
119198 473
119215 470
119231 475
119247 476
119263 460
119280 480
119296 478
119312 482
119329 491
119345 489
119361 499
119377 501
119394 497
119410 505
119426 504
119443 511
119459 509
119475 508
119491 518
119508 513
119524 511
119540 518
119557 516
119573 524
119589 522
119605 518
119622 528
119638 529
119654 515
119671 525
119687 524
119703 527
119719 530
119736 533
119752 539
119768 538
119785 538
119801 541
119817 539
119833 535
119850 545
119866 539
119882 542
119899 540
119915 537
119931 550
119947 538
119964 543
119980 542
119998 544
120014 535
120030 534
120046 526
120063 537
120079 543
120095 536
120112 545
120128 538
120144 534
120160 537
120177 528
120193 533
120209 526
120226 532
120242 531
120258 527
120274 529
120291 543
120307 525
120323 524
120340 531
120356 518
120372 518
120388 512
120405 505
120421 501
120437 495
120454 504
120470 511
120486 499
120502 505
120519 497
120535 499
120551 485
120568 488
120584 490
120600 480
120616 481
120633 475
120649 473
120665 471
120682 467
120698 460
120714 460
120730 460
120747 451
120763 451
120779 447
120796 427
120812 433
120828 430
120844 426
120861 421
120877 415
120893 420
120910 416
120926 412
120942 404
120958 400
120975 396
120992 391
121008 385
121025 381
121041 383
121057 377
121074 370
121090 364
121106 356
121122 355
121139 348
121155 334
121171 340
121188 333
121204 328
121220 323
121236 318
121253 323
121269 314
121285 308
121302 302
121318 297
121334 294
121350 288
121367 282
121383 276
121399 272
121416 265
121432 261
121448 235
121464 256
121481 245
121497 248
121513 234
121530 236
121546 215
121562 217
121578 209
121595 214
121611 211
121627 226
121644 210
121660 213
121676 209
121692 195
121709 193
121725 191
121741 184
121758 179
121774 180
121790 180
121806 187
121823 168
121839 174
121855 176
121872 194
121888 175
121904 185
121920 169
121937 174
121953 142
121969 168
121987 170
122003 182
122019 176
122035 173
122052 179
122068 180
122084 182
122101 180
122117 180
122133 190
122149 185
122166 189
122182 186
122198 187
122215 190
122231 194
122247 195
122263 200
122280 198
122296 190
122312 197
122329 202
122345 207
122361 203
122377 228
122394 219
122410 215
122426 224
122443 227
122459 221
122475 234
122491 214
122508 234
122524 225
122540 235
122557 229
122573 240
122589 241
122605 250
122622 249
122638 254
122654 257
122671 245
122687 264
122703 264
122719 239
122736 270
122752 261
122768 276
122785 283
122801 282
122817 295
122833 290
122850 303
122866 299
122882 301
122899 303
122915 309
122931 311
122947 315
122964 314
122980 323
122998 323
123014 328
123030 315
123046 330
123063 337
123079 339
123095 348
123112 347
123128 363
123144 359
123160 354
123177 367
123193 369
123209 377
123226 373
123242 379
123258 384
123274 387
123291 352
123307 392
123323 396
123340 401
123356 402
123372 410
123388 410
123405 413
123421 372
123437 419
123454 418
123470 424
123486 429
123502 431
123519 439
123535 439
123551 407
123568 450
123584 450
123600 460
123616 456
123633 460
123649 463
123665 465
123682 467
123698 469
123714 465
123730 472
123747 478
123763 473
123779 484
123796 487
123812 477
123828 486
123844 495
123861 487
123877 500
123893 493
123910 508
123926 507
123942 508
123958 510
123975 533
123992 514
124008 516
124025 521
124041 518
124057 519
124074 521
124090 523
124106 534
124122 526
124139 520
124155 527
124171 514
124188 527
124204 539
124220 531
124236 549
124253 529
124269 542
124285 540
124302 540
124318 547
124334 536
124350 539
124367 540
124383 541
124399 540
124416 538
124432 545
124448 540
124464 534
124481 534
124497 655
124513 537
124530 538
124546 556
124562 527
124578 532
124595 523
124611 529
124627 527
124644 523
124660 542
124676 531
124692 530
124709 518
124725 529
124741 531
124758 524
124774 521
124790 521
124806 514
124823 563
124839 510
124855 508
124872 505
124888 505
124904 505
124920 511
124937 504
124953 519
124969 488
124987 489
125003 484
125019 494
125035 485
125052 483
125068 476
125084 475
125101 471
125117 472
125133 462
125149 459
125166 455
125182 454
125198 449
125215 444
125231 441
125247 437
125263 434
125280 428
125296 425
125312 412
125329 414
125345 403
125361 405
125377 402
125394 396
125410 400
125426 393
125443 385
125459 379
125475 376
125491 376
125508 372
125524 369
125540 357
125557 352
125573 349
125589 336
125605 339
125622 336
125638 329
125654 331
125671 320
125687 313
125703 296
125719 256
125736 294
125752 291
125768 276
125785 296
125801 285
125817 276
125833 268
125850 221
125866 257
125882 254
125899 247
125915 239
125931 240
125947 232
125964 230
125980 229
125998 217
126014 216
126030 252
126046 202
126063 200
126079 187
126095 187
126112 191
126128 187
126144 204
126160 174
126177 185
126193 178
126209 169
126226 178
126242 174
126258 172
126274 173
126291 200
126307 171
126323 171
126340 174
126356 169
126372 169
126388 171
126405 172
126421 209
126437 173
126454 175
126470 174
126486 175
126502 177
126519 177
126535 186
126551 180
126568 180
126584 184
126600 190
126616 185
126633 187
126649 188
126665 192
126682 194
126698 197
126714 196
126730 200
126747 204
126763 205
126779 206
126796 207
126812 211
126828 210
126844 214
126861 222
126877 220
126893 226
126910 217
126926 226
126942 237
126958 231
126975 238
126992 238
127008 241
127025 246
127041 247
127057 251
127074 252
127090 256
127106 259
127122 262
127139 274
127155 271
127171 263
127188 315
127204 278
127220 284
127236 282
127253 287
127269 294
127285 294
127302 313
127318 340
127334 303
127350 309
127367 312
127383 317
127399 319
127416 324
127432 322
127448 321
127464 334
127481 333
127497 338
127513 340
127530 346
127546 354
127562 354
127578 339
127595 361
127611 357
127627 363
127644 372
127660 372
127676 387
127692 381
127709 387
127725 386
127741 387
127758 396
127774 401
127790 401
127806 407
127823 435
127839 413
127855 414
127872 424
127888 421
127904 423
127920 429
127937 432
127953 447
127969 430
127987 425
128003 446
128019 444
128035 457
128052 455
128068 459
128084 460
128101 462
128117 465
128133 467
128149 469
128166 472
128182 473
128198 476
128215 481
128231 481
128247 484
128263 486
128280 486
128296 491
128312 491
128329 480
128345 492
128361 493
128377 499
128394 508
128410 501
128426 512
128443 510
128459 506
128475 505
128491 512
128508 503
128524 552
128540 519
128557 519
128573 514
128589 519
128605 518
128622 523
128638 520
128654 522
128671 519
128687 522
128703 524
128719 524
128736 522
128752 515
128768 518
128785 522
128801 518
128817 523
128833 525
128850 572
128866 519
128882 524
128899 522
128915 522
128931 514
128947 521
128964 518
128980 516
128998 511
129014 513
129030 508
129046 521
129063 511
129079 504
129095 510
129112 499
129128 505
129144 503
129160 511
129177 507
129193 498
129209 500
129226 494
129242 496
129258 493
129274 488
129291 498
129307 482
129323 484
129340 475
129356 479
129372 474
129388 478
129405 469
129421 465
129437 464
129454 460
129470 438
129486 453
129502 446
129519 444
129535 440
129551 436
129568 445
129584 439
129600 433
129616 426
129633 423
129649 416
129665 414
129682 411
129698 406
129714 419
129730 398
129747 395
129763 387
129779 386
129796 399
129812 372
129828 363
129844 369
129861 366
129877 355
129893 348
129910 350
129926 340
129942 338
129958 336
129975 332
129992 308
130008 320
130025 299
130041 309
130057 303
130074 272
130090 298
130106 283
130122 281
130139 284
130155 275
130171 267
130188 267
130204 262
130220 243
130236 245
130253 244
130269 239
130285 236
130302 243
130318 227
130334 224
130350 221
130367 214
130383 198
130399 206
130416 203
130432 198
130448 188
130464 192
130481 190
130497 167
130513 184
130530 183
130546 216
130562 178
130578 179
130595 157
130611 172
130627 173
130644 165
130660 174
130676 169
130692 181
130709 178
130725 174
130741 168
130758 175
130774 174
130790 177
130806 174
130823 195
130839 178
130855 177
130872 177
130888 178
130904 181
130920 178
130937 180
130953 193
130969 181
130987 189
131003 193
131019 193
131035 196
131052 208
131068 200
131084 203
131101 207
131117 209
131133 214
131149 212
131166 214
131182 211
131198 219
131215 220
131231 222
131247 223
131263 230
131280 229
131296 231
131312 247
131329 241
131345 228
131361 240
131377 243
131394 85
131410 247
131426 250
131443 265
131459 262
131475 263
131491 268
131508 266
131524 241
131540 282
131557 277
131573 281
131589 284
131605 287
131622 292
131638 296
131654 294
131671 299
131687 299
131703 306
131719 274
131736 294
131752 310
131768 319
131785 321
131801 329
131817 326
131833 343
131850 323
131866 341
131882 342
131899 349
131915 348
131931 351
131947 353
131964 351
131980 366
131998 366
132014 371
132030 372
132046 372
132063 378
132079 382
132095 375
132112 391
132128 395
132144 394
132160 428
132177 398
132193 406
132209 411
132226 422
132242 415
132258 420
132274 428
132291 445
132307 426
132323 424
132340 431
132356 438
132372 445
132388 442
132405 447
132421 496
132437 453
132454 455
132470 455
132486 450
132502 463
132519 453
132535 465
132551 470
132568 468
132584 480
132600 476
132616 485
132633 480
132649 485
132665 487
132682 487
132698 497
132714 495
132730 491
132747 498
132763 499
132779 500
132796 504
132812 500
132828 503
132844 507
132861 505
132877 505
132893 496
132910 506
132926 511
132942 514
132958 520
132975 520
132992 520
133008 521
133025 516
133041 518
133057 514
133074 519
133090 525
133106 518
133122 524
133139 519
133155 525
133171 521
133188 530
133204 524
133220 519
133236 528
133253 520
133269 515
133285 515
133302 519
133318 510
133334 522
133350 503
133367 511
133383 519
133399 513
133416 512
133432 507
133448 519
133464 513
133481 500
133497 509
133513 506
133530 500
133546 504
133562 504
133578 500
133595 498
133611 492
133627 487
133644 488
133660 488
133676 485
133692 482
133709 489
133725 483
133741 460
133758 479
133774 467
133790 468
133806 471
133823 512
133839 467
133855 424
133872 451
133888 451
133904 449
133920 446
133937 441
133953 461
133969 418
133987 438
134003 428
134019 419
134035 422
134052 414
134068 409
