2 1671
55 1653
71 1610
87 1580
104 1540
120 1509
136 1481
153 1446
169 1407
185 1382
202 1349
218 1323
234 1291
251 1254
267 1230
283 1188
300 1160
316 1131
332 1087
349 1099
365 1032
381 1005
398 965
414 961
430 923
447 894
463 857
479 830
496 803
512 773
528 746
545 724
561 694
577 665
594 637
610 610
626 587
643 560
659 531
675 511
692 472
708 456
724 428
741 416
757 390
773 382
790 359
806 331
822 309
839 287
855 271
871 246
888 230
904 210
920 179
937 177
953 168
969 148
987 151
1003 137
1019 132
1036 123
1052 114
1068 124
1085 122
1101 120
1117 144
1134 133
1150 134
1166 119
1183 138
1199 144
1215 153
1232 149
1248 156
1264 159
1281 165
1297 167
1313 174
1330 181
1346 182
1362 189
1379 203
1395 200
1411 219
1428 221
1444 236
1460 247
1477 419
1493 279
1509 284
1526 296
1542 310
1558 324
1575 339
1591 354
1607 339
1624 387
1640 402
1656 409
1673 436
1689 457
1705 480
1722 498
1738 512
1754 525
1771 557
1787 570
1803 603
1820 624
1836 678
1852 681
1869 690
1885 728
1901 750
1918 780
1934 808
1950 831
1967 860
1984 891
2001 915
2017 950
2033 978
2050 1004
2066 1033
2082 1067
2099 1092
2115 1126
2131 1156
2148 1193
2164 1224
2180 1271
2197 1296
2213 1329
2229 1360
2246 1392
2262 1431
2278 1463
2295 1585
2311 1532
2327 1565
2344 1601
2360 1639
2376 1671
2393 1708
2409 1745
2425 1804
2442 1816
2458 1865
2474 1890
2491 1921
2507 1963
2523 1997
2540 2056
2556 2082
2572 2122
2589 2149
2605 2190
2621 2233
2638 2262
2654 2296
2670 2333
2687 2367
2703 2406
2719 2441
2736 2466
2752 2512
2768 2540
2785 2585
2801 2610
2817 2637
2834 2689
2850 2712
2866 2755
2883 2788
2899 2853
2915 2864
2932 2895
2948 2926
2964 2954
2981 2990
2998 3030
3014 3053
3031 3081
3047 3108
3063 3141
3080 3169
3096 3199
3112 3223
3129 3255
3145 3282
3161 3290
3178 3337
3194 3351
3210 3383
3227 3401
3243 3424
3259 3452
3276 3475
3292 3507
3308 3511
3325 3532
3341 3549
3357 3567
3374 3588
3390 3599
3406 3618
3423 3631
3439 3646
3455 3655
3472 3674
3488 3688
3504 3699
3521 3721
3537 3714
3553 3724
3570 3733
3586 3740
3602 3748
3619 3758
3635 3765
3651 3763
3668 3773
3684 3772
3700 3778
3717 3779
3733 3782
3749 3788
3766 3783
3782 3788
3798 3789
3815 3799
3831 3788
3847 3787
3864 3786
3880 3783
3896 3786
3913 3782
3929 3777
3945 3812
3962 3766
3978 3761
3995 3750
4012 3752
4028 3749
4044 3738
4061 3729
4077 3722
4093 3719
4110 3706
4126 3684
4142 3690
4159 3676
4175 3668
4191 3657
4208 3648
4224 3635
4240 3617
4257 3611
4273 3597
4289 3582
4306 3570
4322 3555
4338 3527
4355 3528
4371 3506
4387 3496
4404 3478
4420 3457
4436 3444
4453 3410
4469 3403
4485 3391
4502 3364
4518 3355
4534 3329
4551 3306
4567 3289
4583 3268
4600 3243
4616 3217
4632 3201
4649 3195
4665 3166
4681 3134
4698 3113
4714 3087
4730 3058
4747 3039
4763 3010
4779 2958
4796 2961
4812 2938
4828 2914
4845 2882
4861 2855
4877 2828
4894 2801
4910 2779
4926 2748
4943 2705
4959 2688
4975 2639
4993 2626
5009 2618
5025 2574
5042 2546
5058 2508
5074 2479
5091 2440
5107 2418
5123 2391
5140 2361
5156 2329
5172 2295
5189 2265
5205 2231
5221 2203
5238 2172
5254 2142
5270 2076
5287 2059
5303 2040
5319 2002
5336 1978
5352 1941
5368 1913
5385 1884
5401 1850
5417 1814
5434 1781
5450 1749
5466 1715
5483 1685
5499 1657
5515 1618
5532 1586
5548 1561
5564 1523
5581 1476
5597 1456
5613 1431
5630 1391
5646 1350
5662 1327
5679 1288
5695 1269
5711 1203
5728 1220
5744 1168
5760 1147
5777 1120
5793 1082
5809 1051
5826 1024
5842 998
5858 965
5875 932
5891 912
5907 879
5924 848
5940 824
5956 790
5973 770
5990 714
6007 704
6023 683
6039 657
6056 625
6072 605
6088 584
6105 557
6121 521
6137 511
6154 665
6170 463
6186 441
6203 415
6219 388
6235 373
6252 345
6268 329
6284 313
6301 287
6317 261
6333 250
6350 217
6366 211
6382 186
6399 203
6415 167
6431 175
6448 151
6464 144
6480 138
6497 135
6513 130
6529 184
6546 130
6562 125
6578 125
6595 117
6611 145
6627 129
6644 142
6660 159
6676 148
6693 152
6709 147
6725 168
6742 148
6758 169
6774 176
6791 235
6807 190
6823 199
6840 199
6856 212
6872 223
6889 233
6905 239
6921 249
6938 260
6954 271
6970 287
6988 298
7004 312
7020 325
7037 342
7053 337
7069 370
7086 385
7102 408
7118 415
7135 449
7151 461
7167 471
7184 501
7200 520
7216 534
7233 563
7249 590
7265 609
7282 632
7298 655
7314 679
7331 704
7347 736
7363 755
7380 786
7396 814
7412 824
7429 863
7445 886
7461 919
7478 908
7494 995
7510 1012
7527 1042
7543 1067
7559 1101
7576 1136
7592 1165
7608 1309
7625 1232
7641 1264
7657 1297
7674 1332
7690 1360
7706 1404
7723 1430
7739 1469
7755 1502
7772 1527
7788 1571
7804 1597
7821 1644
7837 1681
7853 1721
7870 1744
7886 1791
7902 1829
7919 1841
7935 1902
7951 1933
7968 1966
7985 2011
8002 2052
8018 2081
8034 2120
8051 2152
8067 2177
8083 2234
8100 2267
8116 2297
8132 2351
8149 2372
8165 2413
8181 2450
8198 2490
8214 2523
8230 2567
8247 2591
8263 2631
8279 2663
8296 2729
8312 2736
8328 2768
8345 2794
8361 2839
8377 2868
8394 2897
8410 2934
8426 2956
8443 2998
8459 3028
8475 3046
8492 3088
8508 3111
8524 3149
8541 3175
8557 3218
8573 3238
8590 3259
8606 3287
8622 3318
8639 3345
8655 3363
8671 3389
8688 3412
8704 3425
8720 3459
8737 3475
8753 3499
8769 3523
8786 3536
8802 3560
8818 3575
8835 3571
8851 3605
8867 3604
8884 3635
8900 3651
8916 3679
8933 3678
8949 3692
8965 3697
8982 3715
8999 3718
9015 3728
9032 3750
9048 3747
9064 3759
9081 3759
9097 3766
9113 3772
9130 3774
9146 3777
9162 3795
9179 3779
9195 3786
9211 3786
9228 3792
9244 3788
9260 3797
9277 3793
9293 3793
9309 3778
9326 3798
9342 3799
9358 3808
9375 3765
9391 3779
9407 3767
9424 3772
9440 3762
9456 3760
9473 3754
9489 3743
9505 3740
9522 3733
9538 3727
9554 3770
9571 3683
9587 3696
9603 3687
9620 3693
9636 3668
9652 3662
9669 3645
9685 3628
9701 3610
9718 3614
9734 3597
9750 3586
9767 3560
9783 3558
9799 3541
9816 3530
9832 3507
9848 3495
9865 3478
9881 3456
9897 3439
9914 3412
9930 3403
9946 3371
9963 3367
9979 3355
9995 3350
10012 3306
10028 3279
10044 3274
10061 3240
10077 3217
10093 3210
10110 3189
10126 3152
10142 3133
10159 3108
10175 3081
10191 3058
10208 3036
10224 3002
10240 2984
10257 2944
10273 2929
10289 2897
10306 2880
10322 2862
10338 2839
10355 2802
10371 2770
10387 2750
10404 2718
10420 2694
10436 2663
10453 2634
10469 2601
10485 2557
10502 2540
10518 2506
10534 2472
10551 2447
10567 2413
10583 2384
10600 2350
10616 2301
10632 2290
10649 2251
10665 2224
10681 2196
10698 2165
10714 2137
10730 2075
10747 2087
10763 2056
10779 2006
10796 1987
10812 1938
10828 1902
10845 1871
10861 1844
10877 1811
10894 1774
10910 1747
10926 1709
10943 1680
10959 1644
10975 1585
10993 1572
11009 1547
11026 1513
11042 1500
11058 1454
11075 1421
11091 1368
11107 1342
11124 1321
11140 1294
11156 1271
11173 1233
11189 1195
11205 1159
11222 1134
11238 1105
11254 1075
11271 1031
11287 1013
11303 984
11320 948
11336 923
11352 885
11369 864
11385 834
11401 838
11418 784
11434 755
11450 738
11467 691
11483 676
11499 649
11516 630
11532 603
11548 560
11565 541
11581 527
11597 489
11614 473
11630 440
11646 422
11663 404
11679 361
11695 358
11712 318
11728 310
11744 293
11761 274
11777 255
11793 241
11810 227
11826 207
11842 158
11859 180
11875 168
11891 142
11908 148
11924 141
11940 136
11957 129
11973 130
11990 130
12007 126
12023 112
12039 128
12056 128
12072 130
12088 135
12105 144
12121 149
12137 151
12154 165
12170 163
12186 175
12203 175
12219 179
12235 163
12252 187
12268 195
12284 204
12301 224
12317 217
12333 225
12350 243
12366 244
12382 243
12399 265
12415 276
12431 293
12448 298
12464 346
12480 349
12497 350
12513 364
12529 388
12546 396
12562 387
12578 432
12595 453
12611 468
12627 491
12644 504
12660 523
12676 553
12693 567
12709 595
12725 618
12742 625
12758 665
12774 677
12791 706
12807 738
12823 601
12840 791
12856 822
12872 847
12889 866
12905 901
12921 929
12938 957
12954 992
12970 1023
12988 1045
13004 1086
13020 1112
13037 1143
13053 1185
13069 1210
13086 1242
13102 1273
13118 1298
13135 1344
13151 1372
13167 1424
13184 1449
13200 1481
13216 1444
13233 1549
13249 1588
13265 1619
13282 1654
13298 1692
13314 1726
13331 1764
13347 1828
13363 1839
13380 1872
13396 1907
13412 1946
13429 1981
13445 2008
13461 2055
13478 2078
13494 2126
13510 2164
13527 2229
13543 2238
13559 2276
13576 2312
13592 2348
13608 2367
13625 2419
13641 2457
13657 2492
13674 2516
13690 2564
13706 2600
13723 2621
13739 2691
13755 2699
13772 2735
13788 2772
13804 2783
13821 2834
13837 2856
13853 2896
13870 2935
13886 2957
13902 3003
13919 3031
13935 3059
13951 3087
13968 3122
13985 3149
14002 3178
14018 3206
14034 3235
14051 3265
14067 3291
14083 3312
14100 3335
14116 3366
14132 3383
14149 3407
14165 3427
14181 3446
14198 3471
14214 3496
14230 3527
14247 3534
14263 3554
14279 3567
14296 3584
14312 3595
14328 3617
14345 3624
14361 3647
14377 3656
14394 3667
14410 3686
14426 3680
14443 3704
14459 3710
14475 3726
14492 3729
14508 3732
14524 3742
14541 3736
14557 3754
14573 3759
14590 3797
14606 3766
14622 3772
14639 3773
14655 3777
14671 3779
14688 3780
14704 3783
14720 3780
14737 3788
14753 3782
14769 3781
14786 3778
14802 3777
14818 3770
14835 3761
14851 3769
14867 3720
14884 3753
14900 3742
14916 3742
14933 3738
14949 3729
14965 3731
14982 3729
14999 3705
15015 3702
15032 3692
15048 3683
15064 3676
15081 3662
15097 3652
15113 3644
15130 3631
15146 3615
15162 3602
15179 3591
15195 3578
15211 3571
15228 3545
15244 3500
15260 3520
15277 3502
15293 3505
15309 3479
15326 3457
15342 3451
15358 3422
15375 3403
15391 3384
15407 3368
15424 3351
15440 3323
15456 3306
15473 3281
15489 3262
15505 3244
15522 3217
15538 3199
15554 3098
15571 3141
15587 3128
15603 3101
15620 3079
15636 3057
15652 3062
15669 3009
15685 2968
15701 2959
15718 2928
15734 2904
15750 2879
15767 2849
15783 2821
15799 2796
15816 2763
15832 2740
15848 2706
15865 2680
15881 2651
15897 2623
15914 2595
15930 2541
15946 2529
15963 2494
15979 2471
15996 2438
16012 2423
16028 2387
16045 2353
16061 2324
16077 2292
16094 2258
16110 2226
16126 2192
16143 2160
16159 2127
16175 2097
16192 2063
16208 2031
16224 1997
16241 1968
16257 1933
16273 1904
16290 1857
16306 1832
16322 1781
16339 1765
16355 1736
16371 1702
16388 1680
16404 1641
16420 1615
16437 1573
16453 1542
16469 1507
16486 1478
16502 1448
16518 1412
16535 1376
16551 1350
16567 1317
16584 1284
16600 1250
16616 1219
16633 1192
16649 1139
16665 1116
16682 1074
16698 1062
16714 1035
16731 999
16747 980
16763 960
16780 916
16796 886
16812 857
16829 828
16845 796
16861 773
16878 741
16894 714
16910 690
16927 656
16943 624
16959 607
16976 577
16993 548
17009 524
17026 512
17042 469
17058 450
17075 438
17091 411
17107 384
17124 362
17140 337
17156 317
17173 295
17189 281
17205 259
17222 238
17238 221
17254 201
17271 179
17287 175
17303 156
17320 143
17336 141
17352 118
17369 128
17385 123
17401 123
17418 125
17434 120
17450 121
17467 131
17483 136
17499 130
17516 137
17532 138
17548 138
17565 155
17581 174
17597 157
17614 160
17630 160
17646 170
17663 178
17679 185
17695 191
17712 187
17728 195
17744 206
17761 227
17777 230
17793 234
17810 255
17826 264
17842 275
17859 286
17875 302
17891 318
17908 326
17924 350
17940 357
17957 376
17973 394
17990 408
18007 424
18023 404
18039 462
18056 471
18072 501
18088 522
18105 544
18121 563
18137 595
18154 613
18170 639
18186 664
18203 683
18219 712
18235 734
18252 759
18268 783
18284 814
18301 843
18317 871
18333 890
18350 927
18366 957
18382 985
18399 1057
18415 1033
18431 1071
18448 1096
18464 1136
18480 1167
18497 1198
18513 1246
18529 1260
18546 1302
18562 1335
18578 1364
18595 1401
18611 1436
18627 1471
18644 1504
18660 1571
18676 1576
18693 1612
18709 1642
18725 1682
18742 1725
18758 1757
18774 1776
18791 1821
18807 1857
18823 1898
18840 1935
18856 1971
18872 2014
18889 2048
18905 2088
18921 2121
18938 2158
18954 2195
18970 2226
18988 2270
19004 2305
19021 2343
19037 2380
19053 2414
19070 2450
19086 2481
19102 2521
19119 2548
19135 2592
19151 2624
19168 2663
19184 2693
19200 2739
19217 2783
19233 2810
19249 2833
19266 2870
19282 2891
19298 2929
19315 2963
19331 2997
19347 3034
19364 3054
19380 3086
19396 3108
19413 3144
19429 3173
19445 3199
19462 3232
19478 3242
19494 3276
19511 3306
19527 3335
19543 3357
19560 3377
19576 3412
19592 3425
19609 3448
19625 3476
19641 3493
19658 3511
19674 3529
19690 3551
19707 3566
19723 3580
19739 3600
19756 3615
19772 3629
19788 3653
19805 3658
19821 3659
19837 3665
19854 3686
19870 3696
19886 3708
19903 3720
19919 3700
19935 3737
19952 3761
19968 3754
19985 3751
20002 3762
20018 3762
20034 3768
20051 3774
20067 3780
20083 3777
20100 3791
20116 3785
20132 3778
20149 3783
20165 3816
20181 3778
20198 3780
20214 3784
20230 3772
20247 3774
20263 3773
20279 3766
20296 3765
20312 3757
20328 3752
20345 3749
20361 3743
20377 3728
20394 3726
20410 3726
20426 3717
20443 3704
20459 3700
20475 3685
20492 3672
20508 3669
20524 3645
20541 3644
20557 3635
20573 3620
20590 3609
20606 3599
20622 3579
20639 3571
20655 3558
20671 3541
20688 3528
20704 3514
20720 3493
20737 3460
20753 3462
20769 3443
20786 3418
20802 3412
20818 3389
20835 3375
20851 3352
20867 3335
20884 3314
20900 3290
20916 3272
20933 3243
20949 3232
20965 3207
20982 3193
20999 3157
21016 3134
21032 3113
21048 3190
21065 3064
21081 3042
21097 3019
21114 2988
21130 2963
21146 2940
21163 2901
21179 2889
21195 2860
21212 2831
21228 2807
21244 2766
21261 2744
21277 2719
21293 2701
21310 2662
21326 2650
21342 2633
21359 2579
21375 2550
21391 2518
21408 2487
21424 2456
21440 2428
21457 2390
21473 2363
21489 2327
21506 2301
21522 2269
21538 2240
21555 2212
21571 2176
21587 2144
21604 2099
21620 2079
21636 2040
21653 2014
21669 1981
21685 1979
21702 1918
21718 1889
21734 1855
21751 1820
21767 1780
21783 1754
21800 1723
21816 1690
21832 1658
21849 1627
21865 1588
21881 1555
21898 1535
21914 1496
21930 1461
21947 1429
21963 1380
21979 1360
21996 1322
22012 1302
22028 1270
22045 1248
22061 1212
22077 1199
22094 1145
22110 1114
22126 1088
22143 1054
22159 1021
22175 994
22192 966
22208 936
22224 907
22241 876
22257 849
22273 822
22290 790
22306 760
22322 720
22339 708
22355 687
22371 653
22388 618
22404 597
22420 583
22437 553
22453 521
22469 502
22486 476
22502 434
22518 430
22535 406
22551 381
22567 364
22584 340
22600 327
22616 326
22633 299
22649 260
22665 246
22682 224
22698 185
22714 185
22731 174
22747 160
22763 121
22780 153
22796 139
22812 137
22829 122
22845 131
22861 111
22878 122
22894 149
22910 133
22927 132
22943 155
22959 142
22976 139
22993 143
23009 147
23026 144
23042 153
23058 145
23075 181
23091 166
23107 188
23124 173
23140 193
23156 199
23173 215
23189 211
23205 226
23222 235
23238 238
23254 269
23271 267
23287 295
23303 281
23320 304
23336 314
23352 327
23369 347
23385 348
23401 374
23418 383
23434 402
23450 424
23467 447
23483 471
23499 485
23516 509
23532 529
23548 547
23565 559
23581 596
23597 612
23614 638
23630 663
23646 688
23663 708
23679 739
23695 764
23712 788
23728 818
23744 839
23761 864
23777 906
23793 918
23810 960
23826 984
23842 1026
23859 1050
23875 1093
23891 1111
23908 1143
23924 1175
23940 1205
23957 1242
23973 1275
23991 1315
24007 1342
24023 1380
24040 1410
24056 1443
24072 1481
24089 1509
24105 1542
24121 1579
24138 1619
24154 1625
24170 1705
24187 1729
24203 1766
24219 1804
24236 1836
24252 1859
24268 1937
24285 1947
24301 1988
24317 2016
24334 2060
24350 2096
24366 2126
24383 2170
24399 2179
24415 2245
24432 2281
24448 2305
24464 2355
24481 2393
24497 2422
24513 2461
24530 2493
24546 2540
24562 2572
24579 2604
24595 2639
24611 2679
24628 2712
24644 2741
24660 2776
24677 2810
24693 2843
24709 2879
24726 2910
24742 2945
24758 2975
24775 3004
24791 3022
24807 3067
24824 3087
24840 3182
24856 3151
24873 3186
24889 3211
24905 3248
24922 3267
24938 3301
24954 3322
24971 3343
24988 3373
25004 3400
25021 3410
25037 3444
25053 3463
25070 3497
25086 3506
25102 3520
25119 3548
25135 3563
25151 3571
25168 3596
25184 3606
25200 3622
25217 3661
25233 3667
25249 3669
25266 3683
25282 3700
25298 3700
25315 3717
25331 3725
25347 3713
25364 3748
25380 3731
25396 3757
25413 3761
25429 3761
25445 3770
25462 3773
25478 3723
25494 3788
25511 3772
25527 3783
25543 3794
25560 3784
25576 3794
25592 3789
25609 3797
25625 3791
25641 3798
25658 3801
25674 3786
25690 3785
25707 3780
25723 3775
25739 3768
25756 3770
25772 3768
25788 3760
25805 3747
25821 3745
25837 3735
25854 3730
25870 3720
25886 3704
25903 3704
25919 3714
25935 3687
25952 3673
25968 3678
25986 3649
26002 3635
26018 3650
26035 3629
26051 3618
26067 3587
26084 3574
26100 3568
26116 3554
26133 3535
26149 3523
26165 3504
26182 3488
26198 3472
26214 3446
26231 3434
26247 3416
26263 3400
26280 3379
26296 3389
26312 3347
26329 3323
26345 3309
26361 3265
26378 3251
26394 3240
26410 3221
26427 3198
26443 3171
26459 3159
26476 3121
26492 3099
26508 3079
26525 3051
26541 3021
26557 3005
26574 2967
26590 2949
26606 2961
26623 2897
26639 2873
26655 2843
26672 2820
26688 2791
26704 2769
26721 2729
26737 2707
26753 2678
26770 2653
26786 2631
26802 2600
26819 2564
26835 2536
26851 2502
26868 2470
26884 2439
26900 2411
26917 2380
26933 2334
26949 2305
26966 2284
26982 2249
26999 2235
27016 2192
27032 2162
27048 2104
27065 2086
27081 2046
27097 2029
27114 1992
27130 1960
27146 1928
27163 1901
27179 1869
27195 1836
27212 1804
27228 1769
27244 1746
27261 1708
27277 1666
27293 1635
27310 1606
27326 1575
27342 1545
27359 1522
27375 1482
27391 1441
27408 1409
27424 1375
27440 1346
27457 1304
27473 1291
27489 1254
27506 1223
27522 1201
27538 1172
27555 1103
27571 1108
27587 1072
27604 1041
27620 1014
27636 978
27653 953
27669 928
27685 944
27702 869
27718 839
27734 822
27751 787
27767 754
27783 727
27800 717
27816 693
27832 648
27849 632
27865 607
27881 571
27898 556
27914 526
27930 504
27947 480
27963 463
27979 434
27996 388
28012 386
28028 358
28045 333
28061 326
28077 301
28094 300
28110 274
28126 253
28143 241
28159 217
28175 207
28192 188
28208 158
28224 160
28241 147
28257 148
28273 139
28290 136
28306 132
28322 134
28339 130
28355 101
28371 127
28388 128
28404 132
28420 138
28437 133
28453 143
28469 150
28486 150
28502 151
28518 175
28535 172
28551 177
28567 168
28584 164
28600 189
28616 198
28633 230
28649 215
28665 222
28682 224
28698 244
28714 250
28731 260
28747 271
28763 273
28780 298
28796 308
28812 332
28829 341
28845 378
28861 360
28878 384
28894 403
28910 429
28927 458
28943 457
28959 481
28976 501
28993 513
29010 540
29026 568
29042 591
29059 587
29075 624
29091 643
29108 676
29124 707
29140 729
29157 760
29173 788
29189 812
29206 835
29222 877
29238 872
29255 909
29271 961
29287 990
29304 1015
29320 1016
29336 1087
29353 1107
29369 1136
29385 1173
29402 1201
29418 1201
29434 1264
29451 1256
29467 1328
29483 1369
29500 1393
29516 1436
29532 1470
29549 1501
29565 1520
29581 1577
29598 1608
29614 1654
29630 1685
29647 1715
29663 1755
29679 1792
29696 1824
29712 1863
29728 1896
29745 1930
29761 1973
29777 2012
29794 2044
29810 2079
29826 2113
29843 2142
29859 2200
29875 2234
29892 2264
29908 2319
29924 2340
29941 2379
29957 2412
29973 2449
29991 2450
30007 2523
30023 2560
30040 2583
30056 2629
30072 2661
30089 2697
30105 2733
30121 2746
30138 2798
30154 2821
30170 2864
30187 2894
30203 2927
30219 2969
30236 2998
30252 3029
30268 3050
30285 3091
30301 3116
30317 3152
30334 3177
30350 3202
30366 3234
30383 3259
30399 3282
30415 3314
30432 3336
30448 3360
30464 3390
30481 3379
30497 3420
30513 3449
30530 3485
30546 3495
30562 3512
30579 3534
30595 3550
30611 3568
30628 3597
30644 3601
30660 3622
30677 3637
30693 3649
30709 3667
30726 3674
30742 3686
30758 3705
30775 3708
30791 3711
30807 3691
30824 3734
30840 3721
30856 3745
30873 3752
30889 3754
30905 3767
30922 3767
30938 3787
30954 3777
30971 3775
30988 3783
31004 3782
31021 3782
31037 3796
31053 3784
31070 3791
31086 3789
31102 3774
31119 3786
31135 3783
31151 3778
31168 3780
31184 3751
31200 3762
31217 3772
31233 3758
31249 3744
31266 3742
31282 3749
31298 3730
31315 3735
31331 3720
31347 3697
31364 3704
31380 3692
31396 3684
31413 3674
31429 3662
31445 3660
31462 3647
31478 3637
31494 3615
31511 3604
31527 3594
31543 3554
31560 3563
31576 3546
31592 3526
31609 3520
31625 3483
31641 3491
31658 3449
31674 3458
31690 3425
31707 3422
31723 3401
31739 3376
31756 3362
31772 3343
31788 3290
31805 3301
31821 3281
31837 3263
31854 3236
31870 3217
31886 3192
31903 3170
31919 3150
31935 3119
31952 3094
31968 3080
31986 3053
32002 3030
32018 2994
32035 2965
32051 2949
32067 2925
32084 2895
32100 2866
32116 2842
32133 2813
32149 2787
32165 2738
32182 2731
32198 2702
32214 2680
32231 2644
32247 2595
32263 2585
32280 2545
32296 2537
32312 2499
32329 2460
32345 2440
32361 2407
32378 2376
32394 2344
32410 2310
32427 2279
32443 2239
32459 2220
32476 2186
32492 2154
32508 2124
32525 2089
32541 2057
32557 2029
32574 1989
32590 1959
32606 1888
32623 1887
32639 1847
32655 1826
32672 1796
32688 1761
32704 1735
32721 1703
32737 1677
32753 1629
32770 1601
32786 1571
32802 1536
32819 1505
32835 1473
32851 1436
32868 1389
32884 1375
32900 1342
32917 1314
32933 1275
32949 1250
32966 1214
32984 1180
33001 1144
33017 1124
33033 1093
33050 969
33066 1020
33082 999
33099 967
33115 937
33131 907
33148 879
33164 851
33180 821
33197 788
33213 763
33229 735
33246 711
33262 687
33278 629
33295 604
33311 599
33327 574
33344 553
33360 523
33376 496
33393 501
33409 461
33425 430
33442 410
33458 387
33474 371
33491 343
33507 329
33523 297
33540 281
33556 257
33572 239
33589 220
33605 195
33621 187
33638 173
33654 184
33670 144
33687 136
33703 134
33719 126
33736 135
33752 132
33768 126
33785 134
33801 131
33817 131
33834 129
33850 138
33866 92
33883 139
33899 148
33915 146
33932 148
33948 159
33964 158
33981 157
33998 166
34014 166
34031 179
34047 190
34063 172
34080 213
34096 216
34112 225
34129 232
34145 239
34161 211
34178 261
34194 277
34210 291
34227 299
34243 301
34259 327
34276 341
34292 354
34308 371
34325 392
34341 381
34357 422
34374 442
34390 458
34406 482
34423 502
34439 528
34455 547
34472 568
34488 588
34504 612
34521 638
34537 658
34553 686
34570 697
34586 733
34602 758
34619 783
34635 811
34651 837
34668 867
34684 894
34700 922
34717 952
34733 972
34749 1007
34766 1048
34782 1067
34798 1114
34815 1139
34831 1170
34847 1198
34864 1235
34880 1269
34896 1297
34913 1334
34929 1366
34945 1394
34962 1435
34978 1470
34995 1509
35012 1541
35028 1577
35044 1610
35061 1647
35077 1677
35093 1714
35110 1755
35126 1787
35142 1835
35159 1867
35175 1905
35191 1939
35208 1973
35224 2010
35240 2043
35257 2084
35273 2123
35289 2156
35306 2192
35322 2226
35338 2264
35355 2303
35371 2340
35387 2371
35404 2409
35420 2446
35436 2478
35453 2513
35469 2555
35485 2581
35502 2542
35518 2662
35534 2695
35551 2728
35567 2765
35583 2795
35600 2829
35616 2863
35632 2881
35649 2928
35665 2961
35681 2981
35698 3022
35714 3047
35730 3079
35747 3113
35763 3157
35779 3150
35796 3194
35812 3225
35828 3250
35845 3274
35861 3326
35877 3333
35894 3356
35910 3380
35926 3400
35943 3434
35959 3446
35975 3466
35993 3490
36009 3509
36025 3526
36042 3511
36058 3562
36074 3582
36091 3597
36107 3613
36123 3625
36140 3640
36156 3647
36172 3665
36189 3681
36205 3694
36221 3704
36238 3710
36254 3718
36270 3725
36287 3738
36303 3741
36319 3749
36336 3757
36352 3760
36368 3766
36385 3768
36401 3770
36417 3775
36434 3777
36450 3782
36466 3780
36483 3785
36499 3783
36515 3775
36532 3784
36548 3774
36564 3784
36581 3791
36597 3772
36613 3761
36630 3765
36646 3761
36662 3754
36679 3753
36695 3752
36711 3770
36728 3736
36744 3723
36760 3726
36777 3713
36793 3706
36809 3696
36826 3688
36842 3675
36858 3666
36875 3662
36891 3645
36907 3630
36924 3621
36940 3604
36956 3597
36973 3582
36990 3566
37007 3552
37023 3510
37039 3522
37056 3505
37072 3492
37088 3472
37105 3456
37121 3440
37137 3421
37154 3400
37170 3392
37186 3370
37203 3349
37219 3329
37235 3306
37252 3284
37268 3256
37284 3241
37301 3225
37317 3199
37333 3177
37350 3154
37366 3124
37382 3104
37399 3113
37415 3057
37431 3031
37448 3009
37464 2983
37480 2947
37497 2930
37513 2906
37529 2873
37546 2849
37562 2823
37578 2811
37595 2768
37611 2740
37627 2716
37644 2695
37660 2653
37676 2623
37693 2591
37709 2570
37725 2537
37742 2506
37758 2497
37774 2438
37791 2414
37807 2383
37823 2351
37840 2177
37856 2294
37872 2258
37889 2226
37905 2194
37921 2162
37938 2125
37954 2102
37970 2053
37988 2036
38004 2003
38020 1964
38037 1936
38053 1900
38069 1871
38086 1833
38102 1804
38118 1773
38135 1742
38151 1705
38167 1674
38184 1644
38200 1609
38216 1577
38233 1544
38249 1505
38265 1476
38282 1439
38298 1411
38314 1376
38331 1357
38347 1333
38363 1291
38380 1252
38396 1227
38412 1191
38429 1158
38445 1127
38461 1098
38478 1086
38494 1035
38510 1009
38527 984
38543 946
38559 927
38576 885
38592 855
38608 827
38625 798
38641 760
38657 742
38674 717
38690 689
38706 664
38723 637
38739 611
38755 579
38772 557
38788 528
38804 507
38821 482
38837 454
38853 434
38870 412
38886 391
38902 366
38919 301
38935 311
38951 299
38968 270
38985 251
39001 236
39018 212
39034 211
39050 194
39067 160
39083 163
39099 146
39116 141
39132 134
39148 132
39165 120
39181 122
39197 125
39214 128
39230 124
39246 126
39263 133
39279 131
39295 92
39312 130
39328 137
39344 149
39361 149
39377 151
39393 162
39410 176
39426 172
39442 171
39459 186
39475 189
39491 194
39508 206
39524 212
39540 224
39557 233
39573 240
39589 253
39606 244
39622 272
39638 288
39655 299
39671 307
39687 322
39704 340
39720 356
39736 335
39753 397
39769 408
39785 428
39802 442
39818 466
39834 478
39851 499
39867 526
39883 536
39900 570
39916 583
39932 614
39949 636
39965 660
39981 683
39999 689
40015 733
40032 754
40048 775
40064 812
40081 836
40097 873
40113 902
40130 927
40146 960
40162 996
40179 1015
40195 1046
40211 1081
40228 1105
40244 1144
40260 1174
40277 1202
40293 1248
40309 1273
40326 1301
40342 1338
40358 1343
40375 1405
40391 1422
40407 1469
40424 1427
40440 1538
40456 1592
40473 1613
40489 1650
40505 1681
40522 1720
40538 1756
40554 1817
40571 1828
40587 1867
40603 1904
40620 1931
40636 1980
40652 2016
40669 2051
40685 2082
40701 2126
40718 2160
40734 2192
40750 2232
40767 2281
40783 2310
40799 2339
40816 2375
40832 2416
40848 2458
40865 2484
40881 2524
40897 2560
40914 2593
40930 2632
40946 2668
40963 2699
40979 2734
40995 2768
41012 2803
41028 2835
41044 2866
41061 2906
41077 2928
41093 2960
41110 2993
41126 3021
41142 3061
41159 3084
41175 3124
41191 3161
41208 3184
41224 3204
41240 3234
41257 3261
41273 3287
41289 3312
41306 3338
41322 3356
41338 3389
41355 3410
41371 3430
41387 3463
41404 3471
41420 3494
41436 3516
41453 3540
41469 3550
41485 3561
41502 3582
41518 3600
41534 3630
41551 3624
41567 3648
41583 3659
41600 3673
41616 3686
41632 3708
41649 3710
41665 3714
41681 3717
41698 3735
41714 3740
41730 3750
41747 3754
41763 3754
41779 3769
41796 3771
41812 3750
41828 3777
41845 3779
41861 3781
41877 3785
41894 3798
41910 3790
41926 3787
41943 3787
41959 3784
41975 3788
41993 3781
42009 3780
42026 3780
42042 3782
42058 3766
42075 3777
42091 3764
42107 3757
42124 3755
42140 3746
42156 3734
42173 3731
42189 3713
42205 3718
42222 3705
42238 3708
42254 3693
42271 3684
42287 3658
42303 3663
42320 3658
42336 3634
42352 3629
42369 3629
42385 3598
42401 3590
42418 3566
42434 3562
42450 3546
42467 3532
42483 3519
42499 3500
42516 3488
42532 3464
42548 3457
42565 3434
42581 3415
42597 3406
42614 3379
42630 3370
42646 3336
42663 3305
42679 3281
42695 3292
42712 3267
42728 3226
42744 3205
42761 3194
42777 3168
42793 3143
42810 3112
42826 3097
42842 3074
42859 3047
42875 3015
42891 2997
42908 2972
42924 2946
42940 2918
42957 2903
42973 2875
42990 2841
43007 2816
43023 2771
43039 2756
43056 2732
43072 2711
43088 2670
43105 2646
43121 2612
43137 2584
43154 2552
43170 2521
43186 2495
43203 2461
43219 2423
43235 2395
43252 2367
43268 2316
43284 2305
43301 2285
43317 2253
43333 2225
43350 2189
43366 2162
43382 2131
43399 2082
43415 2057
43431 2007
43448 2003
43464 1963
43480 1924
43497 1895
43513 1864
43529 1850
43546 1794
43562 1766
43578 1730
43595 1696
43611 1657
43627 1637
43644 1600
43660 1587
43676 1535
43693 1508
43709 1484
43725 1443
43742 1401
43758 1379
43774 1345
43791 1308
43807 1277
43823 1253
43840 1219
43856 1187
43872 1152
43889 1113
43905 1099
43921 1070
43938 1025
43954 1009
43970 970
43988 942
44004 920
44021 884
44037 856
44053 835
44070 816
44086 791
44102 752
44119 724
44135 698
44151 664
44168 646
44184 615
44200 589
44217 588
44233 536
44249 507
44266 487
44282 455
44298 437
44315 417
44331 398
44347 363
44364 361
44380 333
44396 333
44413 302
44429 284
44445 260
44462 236
44478 223
44494 199
44511 187
44527 168
44543 160
44560 153
44576 147
44592 135
44609 139
44625 138
44641 126
44658 118
44674 119
44690 138
44707 126
44723 152
44739 134
44756 140
44772 153
44788 132
44805 159
44821 159
44837 135
44854 154
44870 163
44886 178
44903 176
44919 199
44935 193
44952 198
44968 213
44985 213
45002 211
45018 232
45034 247
45051 252
45067 275
45083 283
45100 301
45116 297
45132 320
45149 339
45165 367
45181 375
45198 385
45214 391
45230 423
45247 433
45263 456
45279 473
45296 491
45312 517
45328 540
45345 554
45361 571
45377 594
45394 624
45410 644
45426 676
45443 696
45459 728
45475 736
45492 792
45508 793
45524 816
45541 852
45557 896
45573 907
45590 943
45606 996
45622 998
45639 1030
45655 1057
45671 1093
45688 1121
45704 1157
45720 1183
45737 1213
45753 1254
45769 1281
45786 1320
45802 1356
45818 1387
45835 1417
45851 1463
45867 1497
45884 1537
45900 1561
45916 1594
45933 1622
45949 1669
45965 1703
45982 1743
45999 1783
46015 1805
46032 1832
46048 1888
46064 1910
46081 1961
46097 2001
46113 2028
46130 2077
46146 2111
46162 2145
46179 2183
46195 2221
46211 2254
46228 2293
46244 2331
46260 2363
46277 2405
46293 2444
46309 2475
46326 2514
46342 2546
46358 2579
46375 2623
46391 2650
46407 2687
46424 2727
46440 2740
46456 2791
46473 2822
46489 2858
46505 2892
46522 2933
46538 2956
46554 2970
46571 3020
46587 3050
46603 3082
46620 3112
46636 3134
46652 3166
46669 3197
46685 3227
46701 3252
46718 3279
46734 3316
46750 3332
46767 3352
46783 3383
46799 3399
46816 3427
46832 3449
46848 3474
46865 3492
46881 3512
46897 3535
46914 3550
46930 3570
46946 3584
46963 3604
46979 3621
46996 3605
47012 3651
47028 3661
47045 3677
47061 3687
47077 3695
47094 3713
47110 3717
47126 3729
47143 3736
47159 3738
47175 3748
47192 3760
47208 3776
47224 3770
47241 3772
47257 3779
47273 3781
47290 3788
47306 3784
47322 3793
47339 3785
47355 3787
47371 3793
47388 3795
47404 3799
47420 3793
47437 3789
47453 3794
47469 3785
47486 3773
47502 3774
47518 3771
47535 3772
47551 3766
47567 3790
47584 3759
47600 3752
47616 3744
47633 3732
47649 3731
47665 3730
47682 3721
47698 3704
47714 3696
47731 3682
47747 3677
47763 3623
47780 3656
47796 3642
47812 3628
47829 3618
47845 3583
47861 3587
47878 3562
47894 3562
47910 3558
47927 3527
47943 3532
47959 3502
47976 3488
47993 3461
48009 3451
48026 3434
48042 3417
48058 3398
48075 3378
48091 3359
48107 3339
48124 3318
48140 3295
48156 3275
48173 3256
48189 3237
48205 3207
48222 3181
48238 3165
48254 3138
48271 3135
48287 3096
48303 3073
48320 3054
48336 3021
48352 2998
48369 2975
48385 2935
48401 2918
48418 2901
48434 2867
48450 2802
48467 2810
48483 2785
48499 2781
48516 2730
48532 2700
48548 2721
48565 2640
48581 2608
48597 2578
48614 2550
48630 2552
48646 2493
48663 2466
48679 2433
48695 2403
48712 2372
48728 2300
48744 2309
48761 2281
48777 2258
48793 2216
48810 2184
48826 2153
48842 2117
48859 2074
48875 2060
48891 2026
48908 1970
48924 1957
48940 1914
48957 1897
48973 1861
48990 1821
49007 1822
49023 1762
49039 1731
49056 1700
49072 1665
49088 1635
49105 1603
49121 1567
49137 1539
49154 1505
49170 1473
49186 1439
49203 1410
49219 1369
49235 1339
49252 1320
49268 1290
49284 1246
49301 1214
49317 1190
49333 1169
49350 1130
49366 1100
49382 1067
49399 1036
49415 1006
49431 977
49448 952
49464 922
49480 887
49497 859
49513 832
49529 809
49546 778
49562 747
49578 727
49595 696
49611 660
49627 644
49644 612
49660 586
49676 568
49693 565
49709 518
49725 496
49742 482
49758 442
49774 425
49791 402
49807 377
49823 359
49840 324
49856 313
49872 298
49889 267
49905 261
49921 234
49938 222
49954 206
49970 160
49988 170
50004 164
50021 150
50037 147
50053 142
50070 130
50086 132
50102 132
50119 131
50135 134
50151 130
50168 131
50184 133
50200 137
50217 137
50233 141
50249 144
50266 139
50282 152
50298 154
50315 149
50331 164
50347 164
50364 179
50380 183
50396 221
50413 215
50429 215
50445 217
50462 225
50478 233
50494 244
50511 258
50527 257
50543 279
50560 291
50576 307
50592 317
50609 336
50625 348
50641 363
50658 377
50674 388
50690 412
50707 424
50723 450
50739 468
50756 502
50772 513
50788 495
50805 551
50821 573
50837 599
50854 620
50870 638
50886 668
50903 691
50919 757
50935 744
50952 765
50968 798
50985 822
51002 851
51018 878
51034 902
51051 930
51067 965
51083 991
51100 1034
51116 1059
51132 1095
51149 1120
51165 1136
51181 1184
51198 1214
51214 1239
51230 1274
51247 1313
51263 1351
51279 1381
51296 1442
51312 1452
51328 1482
51345 1522
51361 1553
51377 1572
51394 1621
51410 1655
51426 1695
51443 1733
51459 1784
51475 1740
51492 1848
51508 1875
51524 1914
51541 1953
51557 1987
51573 2026
51590 2062
51606 2131
51622 2136
51639 2173
51655 2205
51671 2246
51688 2279
51704 2317
51720 2354
51737 2375
51753 2424
51769 2454
51786 2496
51802 2527
51818 2585
51835 2611
51851 2643
51867 2685
51884 2709
51900 2735
51916 2776
51933 2813
51949 2846
51965 2875
51982 2910
51999 2945
52016 2976
52032 3006
52048 3016
52065 3068
52081 3088
52097 3123
52114 3151
52130 3188
52146 3211
52163 3254
52179 3270
52195 3297
52212 3319
52228 3348
52244 3372
52261 3393
52277 3419
52293 3406
52310 3457
52326 3483
52342 3499
52359 3520
52375 3540
52391 3555
52408 3574
52424 3601
52440 3590
52457 3620
52473 3634
52489 3649
52506 3661
52522 3682
52538 3698
52555 3703
52571 3710
52587 3719
52604 3724
52620 3729
52636 3742
52653 3749
52669 3755
52685 3773
52702 3763
52718 3768
52734 3783
52751 3775
52767 3779
52783 3781
52800 3768
52816 3782
52832 3778
52849 3782
52865 3785
52881 3798
52898 3786
52914 3781
52930 3785
52947 3773
52963 3772
52979 3770
52996 3757
53012 3763
53028 3757
53045 3757
53061 3741
53077 3735
53094 3733
53110 3723
53126 3716
53143 3704
53159 3703
53175 3687
53192 3673
53208 3666
53224 3655
53241 3654
53257 3636
53273 3634
53290 3611
53306 3598
53322 3585
53339 3567
53355 3554
53371 3674
53388 3522
53404 3510
53420 3493
53437 3472
53453 3460
53469 3441
53486 3422
53502 3414
53518 3387
53535 3365
53551 3349
53567 3326
53584 3302
53600 3284
53616 3265
53633 3240
53649 3221
53665 3201
53682 3181
53698 3151
53714 3130
53731 3104
53747 3081
53763 3044
53780 3051
53796 3007
53812 2992
53829 2955
53845 2929
53861 2906
53878 2876
53894 2840
53910 2818
53927 2793
53943 2768
53959 2743
53976 2709
53993 2681
54009 2645
54026 2623
54042 2592
54058 2562
54075 2519
54091 2503
54107 2474
54124 2441
54140 2412
54156 2378
54173 2349
54189 2385
54205 2288
54222 2265
54238 2224
54254 2200
54271 2159
54287 2129
54303 2113
54320 2036
54336 2028
54352 1998
54369 1960
54385 1940
54401 1904
54418 1868
54434 1850
54450 1815
54467 1771
54483 1740
54499 1707
54516 1668
54532 1639
54548 1603
54565 1576
54581 1520
54597 1504
54614 1466
54630 1432
54646 1410
54663 1409
54679 1353
54695 1317
54712 1285
54728 1253
54744 1222
54761 1184
54777 1158
54793 1128
54810 1100
54826 1069
54842 1036
54859 1008
54875 977
54891 948
54908 920
54924 888
54940 841
54957 824
54973 789
54991 765
55007 747
55023 717
55040 687
55056 660
55072 636
55089 609
55105 579
55121 557
55138 529
55154 505
55170 482
55187 468
55203 432
55219 404
55236 384
55252 364
55268 352
55285 323
55301 296
55317 268
55334 260
55350 235
55366 227
55383 209
55399 216
55415 177
55432 160
55448 148
55464 140
55481 133
55497 131
55513 131
55530 128
55546 126
55562 129
55579 132
55595 125
55611 128
55628 128
55644 129
55660 137
55677 136
55693 146
55709 265
55726 176
55742 159
55758 169
55775 173
55791 175
55807 182
55824 184
55840 190
55856 205
55873 197
55889 224
55905 233
55922 240
55938 251
55954 261
55971 273
55988 282
56004 292
56021 308
56037 329
56053 336
56070 363
56086 375
56102 391
56119 394
56135 429
56151 432
56168 463
56184 470
56200 500
56217 483
56233 544
56249 561
56266 591
56282 610
56298 627
56315 657
56331 678
56347 715
56364 724
56380 752
56396 779
56413 806
56429 849
56445 869
56462 896
56478 922
56494 953
56511 977
56527 1038
56543 1038
56560 1069
56576 1097
56592 1131
56609 1168
56625 1196
56641 1229
56658 1245
56674 1294
56690 1323
56707 1349
56723 1392
56739 1429
56756 1466
56772 1498
56788 1561
56805 1568
56821 1605
56837 1638
56854 1677
56870 1713
56886 1738
56903 1783
56919 1820
56935 1852
56952 1894
56968 1924
56986 1967
57002 2002
57018 2041
57035 2077
57051 2109
57067 2145
57084 2183
57100 2223
57116 2256
57133 2306
57149 2332
57165 2370
57182 2403
57198 2438
57214 2480
57231 2514
57247 2551
57263 2583
57280 2616
57296 2659
57312 2689
57329 2723
57345 2755
57361 2790
57378 2825
57394 2856
57410 2892
57427 2916
57443 2949
57459 2987
57476 3000
57492 3064
57508 3071
57525 3109
57541 3137
57557 3164
57574 3190
57590 3217
57606 3242
57623 3276
57639 3298
57655 3327
57672 3352
57688 3373
57704 3400
57721 3413
57737 3448
57753 3463
57770 3469
57786 3501
57802 3514
57819 3539
57835 3556
57851 3603
57868 3592
57884 3608
57900 3625
57917 3639
57933 3652
57949 3660
57966 3674
57982 3688
57999 3702
58016 3703
58032 3718
58048 3720
58065 3726
58081 3740
58097 3747
58114 3740
58130 3755
58146 3755
58163 3765
58179 3767
58195 3777
58212 3772
58228 3783
58244 3778
58261 3777
58277 3782
58293 3767
58310 3779
58326 3774
58342 3786
58359 3772
58375 3772
58391 3772
58408 3765
58424 3736
58440 3759
58457 3748
58473 3723
58489 3743
58506 3726
58522 3728
58538 3718
58555 3754
58571 3703
58587 3696
58604 3687
58620 3672
58636 3673
58653 3652
58669 3646
58685 3630
58702 3616
58718 3612
58734 3596
58751 3579
58767 3569
58783 3555
58800 3543
58816 3524
58832 3499
58849 3494
58865 3448
58881 3461
58898 3440
58914 3427
58930 3410
58947 3394
58963 3373
58979 3342
58996 3377
59012 3327
59028 3297
59045 3283
59061 3247
59077 3230
59094 3206
59110 3187
59126 3162
59143 3135
59159 3120
59175 3090
59192 3054
59208 3041
59224 3006
59241 2988
59257 2964
59273 2957
59290 2915
59306 2876
59322 2845
59339 2823
59355 2805
59371 2784
59388 2758
59404 2725
59420 2671
59437 2664
59453 2654
59469 2604
59486 2582
59502 2561
59518 2518
59535 2491
59551 2444
59567 2424
59584 2393
59600 2361
59616 2335
59633 2293
59649 2278
59665 2240
59682 2212
59698 2179
59714 2132
59731 2111
59747 2087
59763 2054
59780 2012
59796 1988
59812 1955
59829 1918
59845 1884
59861 1853
59878 1816
59894 1787
59910 1745
59927 1711
59943 1626
59959 1652
59976 1625
59993 1595
60010 1538
60026 1530
60042 1498
60059 1462
60075 1486
60091 1389
60108 1340
60124 1323
60140 1303
60157 1266
60173 1240
60189 1191
60206 1167
60222 1146
60238 1109
60255 1071
60271 1050
60287 1009
60304 985
60320 925
60336 950
60353 906
60369 884
60385 850
60402 808
60418 777
60434 757
60451 722
60467 697
60483 660
60500 683
60516 625
60532 588
60549 569
60565 544
60581 519
60598 496
60614 461
60630 447
60647 420
60663 400
60679 378
60696 351
60712 342
60728 319
60745 297
60761 261
60777 250
60794 220
60810 224
60826 192
60843 185
60859 175
60875 160
60892 171
60908 143
60924 141
60941 143
60957 130
60973 113
60991 115
61007 122
61023 126
61040 145
61056 134
61072 145
61089 148
61105 145
61121 161
61138 135
61154 135
61170 159
61187 149
61203 168
61219 173
61236 178
61252 185
61268 189
61285 201
61301 208
61317 205
61334 224
61350 231
61366 235
61383 255
61399 279
61415 278
61432 291
61448 293
61464 318
61481 337
61497 374
61513 355
61530 378
61546 384
61562 416
61579 431
61595 444
61611 474
61628 492
61644 504
61660 530
61677 543
61693 571
61709 594
61726 614
61742 643
61758 665
61775 694
61791 715
61807 724
61824 755
61840 794
61856 821
61873 850
61889 866
61905 914
61922 931
61938 968
61954 999
61971 1021
61988 1055
62004 1084
62021 1126
62037 1148
62053 1168
62070 1264
62086 1242
62102 1296
62119 1315
62135 1343
62151 1389
62168 1425
62184 1435
62200 1470
62217 1511
62233 1563
62249 1578
62266 1630
62282 1661
62298 1692
62315 1733
62331 1767
62347 1800
62364 1838
62380 1866
62396 1908
62413 1947
62429 1986
62445 2013
62462 2070
62478 2102
62494 2136
62511 2176
62527 2212
62543 2264
62560 2293
62576 2322
62592 2354
62609 2385
62625 2428
62641 2463
62658 2460
62674 2538
62690 2565
62707 2606
62723 2639
62739 2662
62756 2706
62772 2740
62788 2775
62805 2810
62821 2840
62837 2875
62854 2913
62870 2953
62886 2971
62903 3008
62919 3039
62935 3068
62952 3109
62968 3126
62986 3155
63002 3190
63018 3218
63035 3242
63051 3271
63067 3295
63084 3325
63100 3342
63116 3383
63133 3395
63149 3416
63165 3475
63182 3453
63198 3484
63214 3505
63231 3529
63247 3546
63263 3565
63280 3577
63296 3590
63312 3602
63329 3629
63345 3635
63361 3655
63378 3669
63394 3677
63410 3693
63427 3701
63443 3699
63459 3720
63476 3761
63492 3737
63508 3745
63525 3753
63541 3763
63557 3766
63574 3772
63590 3773
63606 3777
63623 3781
63639 3783
63655 3789
63672 3781
63688 3795
63704 3791
63721 3784
63737 3819
63753 3785
63770 3787
63786 3786
63802 3773
63819 3776
63835 3773
63851 3771
63868 3769
63884 3763
63900 3765
63917 3753
63933 3752
63949 3746
63966 3738
63984 3722
64001 3726
64017 3718
64033 3700
64050 3694
64066 3682
64082 3672
64099 3660
64115 3641
64131 3647
64148 3621
64164 3658
64180 3601
64197 3600
64213 3577
64229 3561
64246 3546
64262 3531
64278 3516
64295 3523
64311 3483
64327 3468
64344 3457
64360 3434
64376 3417
64393 3394
64409 3378
64425 3355
64442 3335
64458 3318
64474 3278
64491 3274
64507 3249
64523 3232
64540 3209
64556 3181
64572 3171
64589 3145
64605 3127
64621 3093
64638 3069
64654 3054
64670 3021
64687 2996
64703 2967
64719 2944
64736 2892
64752 2891
64768 2865
64785 2835
64801 2810
64817 2784
64834 2745
64850 2723
64866 2695
64883 2669
64899 2639
64915 2606
64932 2581
64948 2553
64964 2526
64981 2486
64998 2460
65014 2431
65031 2409
65047 2344
65063 2337
65080 2306
65096 2270
65112 2242
65129 2210
65145 2180
65161 2143
65178 2107
65194 2082
65210 2049
65227 2019
65243 1982
65259 1966
65276 1926
65292 1894
65308 1852
65325 1809
65341 1791
65357 1761
65374 1728
65390 1698
65406 1663
65423 1627
65439 1597
65455 1562
65472 1534
65488 1500
65504 1467
65521 1438
65537 1385
65553 1372
65570 1336
65586 1306
65602 1268
65619 1244
65635 1223
65651 1166
65668 1161
65684 1118
65700 1094
65717 1076
65733 1034
65749 1004
65766 976
65782 942
65798 912
65815 884
65831 859
65847 827
65864 801
65880 771
65896 734
65913 717
65929 681
65945 661
65962 640
65978 607
65995 596
66012 569
66028 538
66044 507
66061 489
66077 466
66093 444
66110 418
66126 396
66142 376
66159 338
66175 335
66191 312
66208 292
66224 276
66240 237
66257 237
66273 195
66289 201
66306 185
66322 172
66338 167
66355 157
66371 53
66387 141
66404 136
66420 132
66436 130
66453 126
66469 131
66485 130
66502 104
66518 135
66534 139
66551 134
66567 143
66583 145
66600 144
66616 157
66632 158
66649 157
66665 169
66681 171
66698 196
66714 193
66730 195
66747 201
66763 224
66779 222
66796 230
66812 236
66828 243
66845 264
66861 271
66877 281
66894 294
66910 307
66926 319
66943 337
66959 352
66975 356
66993 387
67009 399
67026 412
67042 430
67059 460
67075 473
67091 498
67108 514
67124 536
67141 563
67157 580
67174 604
67190 579
67206 650
67223 673
67239 698
67256 727
67272 745
67289 777
67305 797
67321 832
67338 856
67354 893
67371 739
67387 952
67404 973
67420 1006
67436 1038
67453 1052
67469 1099
67486 1130
67502 1164
67519 1194
67535 1229
67551 1257
67568 1295
67584 1321
67601 1349
67617 1396
67634 1431
67650 1450
67666 1516
67683 1539
67699 1569
67716 1598
67732 1646
67749 1678
67765 1714
67781 1752
67798 1779
67814 1826
67831 1862
67847 1898
67864 1935
67880 1973
67896 2010
67913 2039
67929 2079
67946 2115
67962 2159
67979 2194
67995 2233
68012 2290
68028 2297
68045 2334
68061 2377
68077 2416
68094 2455
68110 2491
68127 2525
68143 2560
68160 2591
68176 2630
68192 2659
68209 2695
68225 2726
68242 2770
68258 2795
68275 2837
68291 2869
68307 2904
68324 2940
68340 2946
68357 3001
68373 3034
68390 3095
68406 3110
68422 3125
68439 3178
68455 3185
68472 3204
68488 3235
68505 3264
68521 3294
68537 3315
68554 3332
68570 3365
68587 3391
68603 3418
68620 3470
68636 3466
68652 3485
68669 3505
68685 3522
68702 3540
68718 3561
68735 3582
68751 3597
68767 3612
68784 3627
68800 3650
68817 3652
68833 3668
68850 3683
68866 3682
68882 3703
68899 3708
68915 3719
68932 3731
68948 3752
68965 3715
68981 3760
68999 3763
69015 3767
69032 3772
69048 3778
69064 3776
69081 3786
69097 3787
69114 3792
69130 3792
69147 3791
69163 3761
69179 3789
69196 3801
69212 3792
69229 3787
69245 3789
69262 3766
69278 3785
69294 3779
69311 3784
69327 3785
69344 3768
69360 3760
69377 3754
69393 3752
69409 3746
69426 3734
69442 3729
69459 3721
69475 3712
69492 3685
69508 3689
69524 3680
69541 3668
69557 3660
69574 3656
69590 3640
69607 3633
69623 3615
69639 3603
69656 3588
69672 3580
69689 3580
69705 3551
69722 3531
69738 3516
69754 3500
69771 3484
69787 3467
69804 3438
69820 3424
69837 3400
69853 3392
69869 3371
69886 3357
69902 3336
69919 3311
69935 3290
69952 3273
69968 3253
69986 3228
70002 3207
70018 3184
70035 3167
70051 3137
70068 2988
70084 3092
70101 3065
70117 3027
70133 2998
70150 2987
70166 2962
70183 2935
70199 2909
70216 2894
70232 2854
70248 2827
70265 2792
70281 2772
70298 2743
70314 2719
70331 2686
70347 2659
70363 2627
70380 2599
70396 2595
70413 2538
70429 2510
70446 2479
70462 2443
70478 2418
70495 2387
70511 2346
70528 2282
70544 2292
70561 2259
70577 2229
70593 2195
70610 2163
70626 2131
70643 2101
70659 2068
70676 2037
70692 2002
70708 1968
70725 1935
70741 1904
70758 1871
70774 1837
70791 1809
70807 1772
70823 1742
70840 1714
70856 1664
70873 1647
70889 1604
70906 1579
70922 1542
70938 1515
70955 1467
70971 1450
70989 1414
71005 1377
71022 1349
71038 1329
71055 1276
71071 1250
71087 1222
71104 1189
71120 1163
71137 1129
71153 1092
71170 1070
71186 1018
71202 1008
71219 976
71235 949
71252 918
71268 895
71285 856
71301 831
71317 807
71334 772
71350 748
71367 707
71383 681
71400 654
71416 639
71432 610
71449 483
71465 563
71482 537
71498 520
71515 479
71531 461
71547 441
71564 417
71580 399
71597 378
71613 349
71630 320
71646 309
71662 288
71679 270
71695 256
71712 228
71728 205
71745 196
71761 195
71777 175
71794 159
71810 147
71827 143
71843 141
71860 130
71876 125
71892 122
71909 129
71925 135
71942 137
71958 130
71975 137
71992 117
72009 136
72025 140
72041 142
72058 144
72074 164
72091 165
72107 166
72124 161
72140 177
72156 182
72173 192
72189 209
72206 203
72222 217
72239 217
72255 234
72271 240
72288 250
72304 260
72321 299
72337 277
72354 294
72370 313
72386 345
72403 332
72419 359
72436 375
72452 387
72469 404
72485 425
72501 461
72518 464
72534 482
72551 495
72567 521
72584 539
72600 566
72616 591
72633 605
72649 635
72666 648
72682 684
72699 699
72715 735
72731 764
72748 787
72764 822
72781 842
72797 857
72814 852
72830 924
72846 958
72863 983
72879 1014
72896 1041
72912 1074
72929 1112
72945 1135
72961 1170
72978 1200
72995 1247
73012 1280
73028 1304
73045 1344
73061 1369
73078 1410
73094 1445
73110 1467
73127 1506
73143 1536
73160 1582
73176 1617
73193 1655
73209 1703
73225 1730
73242 1745
73258 1786
73275 1832
73291 1865
73308 1906
73324 1939
73340 1978
73357 2018
73373 2053
73390 2099
73406 2128
73423 2165
73439 2203
73455 2239
73472 2277
73488 2315
73505 2348
73521 2384
73538 2421
73554 2457
73570 2484
73587 2523
73603 2551
73620 2600
73636 2635
73653 2676
73669 2705
73685 2741
73702 2773
73718 2808
73735 2838
73751 2874
73768 2906
73784 2937
73800 2975
73817 3002
73833 3034
73850 3068
73866 3092
73883 3110
73899 3156
73915 3177
73932 3198
73948 3235
73965 3261
73981 3298
73999 3313
74015 3342
74032 3364
74048 3389
74064 3410
74081 3434
74097 3462
74114 3478
74130 3497
74147 3499
74163 3533
74179 3564
74196 3563
74212 3587
74229 3599
74245 3621
74262 3630
74278 3650
74294 3665
74311 3684
74327 3682
74344 3701
74360 3700
74377 3712
74393 3723
74409 3735
74426 3742
74442 3747
74459 3754
74475 3756
74492 3770
74508 3765
74524 3767
74541 3771
74557 3775
74574 3778
74590 3756
74607 3778
74623 3785
74639 3780
74656 3783
74672 3782
74689 3792
74705 3776
74722 3774
74738 3769
74754 3764
74771 3767
74787 3754
74804 3752
74820 3747
74837 3721
74853 3734
74869 3724
74886 3717
74902 3710
74919 3713
74935 3699
74952 3692
74968 3677
74986 3669
75002 3663
75018 3649
75035 3636
75051 3622
75068 3614
75084 3599
75101 3580
75117 3574
75133 3547
75150 3540
75166 3522
75183 3509
75199 3485
75216 3511
75232 3466
75248 3449
75265 3429
75281 3412
75298 3390
75314 3376
75331 3353
75347 3333
75363 3313
75380 3290
75396 3272
75413 3238
75429 3229
75446 3204
75462 3172
75478 3156
75495 3131
75511 3111
75528 3084
75544 3068
75561 3040
75577 3007
75593 2995
75610 2963
75626 2937
75643 2912
75659 2869
75676 2859
75692 2830
75708 2802
75725 2774
75741 2744
75758 2714
75774 2676
75791 2646
75807 2617
75823 2599
75840 2565
75856 2544
75873 2508
75889 2464
75906 2437
75922 2436
75938 2389
75955 2347
75971 2338
75989 2289
76005 2260
76022 2226
76038 2182
76055 2164
76071 2123
76087 2094
76104 2053
76120 2033
76137 2002
76153 1984
76170 1932
76186 1914
76202 1873
76219 1823
76235 1806
76252 1770
76268 1725
76285 1702
76301 1672
76317 1581
76334 1607
76350 1569
76367 1536
76383 1506
76400 1466
76416 1439
76432 1401
76449 1377
76465 1338
76482 1318
76498 1301
76515 1245
76531 1225
76547 1173
76564 1138
76580 1134
76597 1083
76613 1059
76630 1043
76646 995
76662 971
76679 936
76695 911
76712 883
76728 841
76745 806
76761 787
76777 761
76794 763
76810 714
76827 681
76843 655
76860 635
76876 581
76892 575
76909 549
76925 518
76942 518
76958 473
76975 449
76992 426
77009 399
77025 367
77041 348
77058 330
77074 307
77091 315
77107 271
77124 250
77140 234
77156 218
77173 185
77189 194
77206 167
77222 147
77239 143
77255 137
77271 132
77288 128
77304 129
77321 124
77337 104
77354 124
77370 126
77386 128
77403 126
77419 136
77436 149
77452 131
77469 161
77485 150
77501 101
77518 165
77534 162
77551 174
77567 180
77584 180
77600 193
77616 189
77633 202
77649 208
77666 208
77682 221
77699 234
77715 247
77731 254
77748 273
77764 292
77781 290
77797 319
77814 375
77830 345
77846 355
77863 353
77879 394
77896 403
77912 414
77929 440
77945 454
77961 476
77978 481
77995 501
78012 540
78028 556
78045 583
78061 611
78078 635
78094 664
78110 672
78127 709
78143 728
78160 753
78176 783
78193 812
78209 836
78225 863
78242 895
78258 917
78275 954
78291 975
78308 1000
78324 1037
78340 1065
78357 1117
78373 1131
78390 1163
78406 1195
78423 1249
78439 1262
78455 1297
78472 1335
78488 1360
78505 1399
78521 1430
78538 1467
78554 1495
78570 1537
78587 1576
78603 1588
78620 1641
78636 1672
78653 1716
78669 1746
78685 1790
78702 1824
78718 1871
78735 1921
78751 1936
78768 1974
78784 2004
78800 2050
78817 2083
78833 2103
78850 2153
78866 2169
78883 2227
78899 2269
78915 2307
78932 2330
78948 2354
78965 2409
78981 2456
78999 2480
79015 2524
79032 2555
79048 2597
79064 2627
79081 2666
79097 2692
79114 2734
79130 2762
79147 2797
79163 2834
79179 2868
79196 2904
79212 2933
79229 2959
79245 2977
79262 3023
79278 3058
79294 3102
79311 3121
79327 3162
79344 3179
79360 3208
79377 3231
79393 3263
79409 3282
79426 3309
79442 3338
79459 3360
79475 3369
79492 3408
79508 3428
79524 3456
79541 3458
79557 3493
79574 3509
79590 3535
79607 3554
79623 3571
79639 3592
79656 3597
79672 3618
79689 3636
79705 3645
79722 3659
79738 3672
79754 3680
79771 3697
79787 3719
79804 3715
79820 3716
79837 3742
79853 3737
79869 3735
79886 3750
79902 3753
79919 3759
79935 3789
79952 3770
79968 3776
79986 3781
80002 3778
80018 3782
80035 3784
80051 3779
80068 3783
80084 3782
80101 3781
80117 3777
80133 3777
80150 3774
80166 3760
80183 3771
80199 3774
80216 3769
80232 3752
80248 3760
80265 3751
80281 3748
80298 3739
80314 3726
80331 3716
80347 3714
80363 3700
80380 3694
80396 3675
80413 3675
80429 3664
80446 3642
80462 3643
80478 3620
80495 3615
80511 3597
80528 3589
80544 3575
80561 3580
80577 3508
80593 3534
80610 3517
80626 3505
80643 3478
80659 3462
80676 3468
80692 3441
80708 3412
80725 3400
80741 3383
80758 3362
80774 3342
80791 3335
80807 3293
80823 3280
80840 3249
80856 3237
80873 3210
80889 3198
80906 3171
80922 3148
80938 3123
80955 3101
80971 3078
80989 3049
81005 3026
81022 3005
81038 2976
81055 2947
81071 2923
81087 2895
81104 2854
81120 2838
81137 2805
81153 2775
81170 2752
81186 2730
81202 2699
81219 2672
81235 2645
81252 2615
81268 2583
81285 2553
81301 2522
81317 2493
81334 2463
81350 2425
81367 2402
81383 2365
81400 2341
81416 2304
81432 2259
81449 2238
81465 2207
81482 2176
81498 2183
81515 2123
81531 2086
81547 2050
81564 2019
81580 2078
81597 1950
81613 1919
81630 1885
81646 1857
81662 1823
81679 1795
81695 1757
81712 1727
81728 1692
81745 1648
81761 1621
81777 1586
81794 1561
81810 1522
81827 1505
81843 1464
81860 1419
81876 1367
81892 1401
81909 1333
81925 1300
81942 1270
81958 1236
81975 1203
81992 1171
82009 1140
82025 1108
82041 1069
82058 1046
82074 1024
82091 985
82107 953
82124 924
82140 897
82156 871
82173 844
82189 788
82206 787
82222 760
82239 737
82255 700
82271 673
82288 645
82304 622
82321 560
82337 568
82354 542
82370 515
82386 490
82403 467
82419 444
82436 418
82452 400
82469 381
82485 363
82501 391
82518 320
82534 291
82551 268
82567 253
82584 233
82600 219
82616 200
82633 183
82649 171
82666 161
82682 141
82699 137
82715 131
82731 132
82748 128
82764 144
82781 131
82797 125
82814 101
82830 138
82846 135
82863 140
82879 139
82896 141
82912 138
82929 149
82945 156
82961 157
82978 157
82995 156
83012 149
83028 180
83045 180
83061 209
83078 203
83094 217
83110 215
83127 231
83143 235
83160 254
83176 255
83193 274
83209 288
83225 298
83242 309
83258 323
83275 336
83291 351
83308 356
83324 385
83340 397
83357 420
83373 436
83390 466
83406 481
83423 540
83439 519
83455 543
83472 558
83488 591
83505 613
83521 631
83538 657
83554 645
83570 708
83587 729
83603 760
83620 780
83636 796
83653 831
83669 862
83685 894
83702 951
83718 958
83735 988
83751 1015
83768 1050
83784 1076
83800 1106
83817 1137
83833 1168
83850 1195
83866 1264
83883 1267
83899 1300
83915 1330
83932 1370
83948 1392
83965 1435
83981 1476
83999 1531
84015 1540
84032 1592
84048 1617
84064 1656
84081 1690
84097 1715
84114 1766
84130 1797
84147 1833
84163 1874
84179 1913
84196 1945
84212 1985
84229 2022
84245 2042
84262 2091
84278 2127
84294 2180
84311 2202
84327 2242
84344 2264
84360 2315
84377 2361
84393 2392
84409 2427
84426 2464
84442 2499
84459 2536
84475 2627
84492 2607
84508 2642
84524 2675
84541 2712
84557 2747
84574 2769
84590 2810
84607 2842
84623 2881
84639 2908
84656 2953
84672 2990
84689 3018
84705 3042
84722 3067
84738 3101
84754 3138
84771 3162
84787 3173
84804 3218
84820 3246
84837 3273
84853 3298
84869 3325
84886 3334
84902 3375
84919 3395
84935 3423
84952 3443
84968 3465
84986 3484
85002 3510
85018 3531
85035 3548
85051 3564
85068 3587
85084 3598
85101 3620
85117 3633
85133 3642
85150 3660
85166 3674
85183 3685
85199 3692
85216 3699
85232 3711
85248 3727
85265 3752
85281 3745
85298 3758
85314 3750
85331 3763
85347 3762
85363 3772
85380 3780
85396 3851
85413 3786
85429 3789
85446 3804
85462 3791
85478 3791
85495 3794
85511 3777
85528 3781
85544 3781
85561 3789
85577 3780
85593 3793
85610 3783
85626 3771
85643 3777
85659 3771
85676 3767
85692 3762
85708 3883
85725 3747
85741 3743
85758 3726
85774 3724
85791 3714
85807 3711
85823 3701
85840 3683
85856 3678
85873 3668
85889 3665
85906 3675
85922 3643
85938 3632
85955 3614
85971 3598
85989 3590
86005 3575
86022 3575
86038 3543
86055 3526
86071 3510
86087 3494
86104 3477
86120 3462
86137 3424
86153 3408
86170 3403
86186 3391
86202 3365
86219 3350
86235 3332
86252 3312
86268 3262
86285 3270
86301 3243
86317 3221
86334 3205
86350 3179
86367 3160
86383 3133
86400 3109
86416 3083
86432 3060
86449 3026
86465 3008
86482 2976
86498 2956
86515 2928
86531 2913
86547 2879
86564 2855
86580 2824
86597 2806
86613 2769
86630 2743
86646 2716
86662 2680
86679 2653
86695 2626
86712 2594
86728 2565
86745 2537
86761 2504
86777 2467
86794 2443
86810 2412
86827 2372
86843 2352
86860 2320
86876 2293
86892 2259
86909 2230
86925 2196
86942 2159
86958 2130
86975 2097
86992 2063
87009 2029
87025 1998
87041 1976
87058 1932
87074 1901
87091 1866
87107 1839
87124 1803
87140 1772
87156 1740
87173 1706
87189 1708
87206 1641
87222 1610
87239 1575
87255 1545
87271 1511
87288 1482
87304 1447
87321 1416
87337 1383
87354 1349
87370 1320
87386 1288
87403 1245
87419 1204
87436 1193
87452 1164
87469 1132
87485 1123
87501 1053
87518 1042
87534 1007
87551 991
87567 951
87584 923
87600 897
87616 864
87633 831
87649 808
87666 778
87682 759
87699 727
87715 695
87731 671
87748 647
87764 618
87781 594
87797 570
87814 529
87830 520
87846 492
87863 473
87879 447
87896 429
87912 403
87929 383
87945 360
87961 338
87978 319
87995 304
88012 269
88028 263
88045 237
88061 222
88078 201
88094 202
88110 180
88127 156
88143 154
88160 140
88176 150
88193 152
88209 133
88225 121
88242 136
88258 138
88275 130
88291 134
88308 133
88324 126
88340 123
88357 139
88373 141
88390 148
88406 150
88423 159
88439 166
88455 170
88472 187
88488 180
88505 185
88521 190
88538 208
88554 239
88570 221
88587 227
88603 235
88620 245
88636 258
88653 263
88669 279
88685 283
88702 306
88718 321
88735 342
88751 353
88768 371
88784 377
88800 402
88817 418
88833 439
88850 456
88866 453
88883 499
88899 513
88915 539
88932 559
88948 577
88965 603
88981 624
88999 652
89015 671
89032 710
89048 801
89064 751
89081 799
89097 807
89114 832
89130 865
89147 890
89163 894
89179 945
89196 982
89212 1002
89229 1038
89245 1073
89262 1100
89278 1116
89294 1159
89311 1188
89327 1228
89344 1265
89360 1299
89377 1334
89393 1364
89409 1396
89426 1432
89442 1467
89459 1491
89475 1512
89492 1575
89508 1610
89524 1647
89541 1680
89557 1728
89574 1760
89590 1790
89607 1822
89623 1860
89639 1900
89656 1934
89672 1985
89689 2013
89705 2057
89722 2084
89738 2124
89754 2159
89771 2194
89787 2233
89804 2268
89820 2316
89837 2346
89853 2373
89869 2417
89886 2454
89902 2494
89919 2511
89935 2556
89952 2597
89968 2630
89986 2671
90002 2708
90018 2737
90035 2774
90051 2808
90068 2838
90084 2865
90101 2905
90117 2942
90133 2971
90150 3006
90166 3033
90183 3071
90199 3094
90216 3085
90232 3155
90248 3179
90265 3209
90281 3236
90298 3266
90314 3291
90331 3320
90347 3341
90363 3373
90380 3392
90396 3507
90413 3438
90429 3450
90446 3478
90462 3503
90478 3516
90495 3534
90511 3555
90528 3580
90544 3571
90561 3607
90577 3621
90593 3636
90610 3650
90626 3669
90643 3685
90659 3688
90676 3700
90692 3710
90708 3712
90725 3730
90741 3736
90758 3753
90774 3754
90791 3758
90807 3780
90823 3775
90840 3783
90856 3765
90873 3779
90889 3776
90906 3768
90922 3786
90938 3793
90955 3786
90971 3792
90989 3785
91005 3787
91022 3785
91038 3781
91055 3785
91071 3785
91087 3775
91104 3775
91120 3767
91137 3766
91153 3753
91170 3751
91186 3737
91202 3736
91219 3728
91235 3733
91252 3714
91268 3705
91285 3697
91301 3694
91317 3679
91334 3668
91350 3656
91367 3641
91383 3638
91400 3623
91416 3610
91432 3595
91449 3594
91465 3566
91482 3545
91498 3538
91515 3521
91531 3508
91547 3487
91564 3479
91580 3466
91597 3445
91613 3423
91630 3394
91646 3387
91662 3368
91679 3347
91695 3331
91712 3300
91728 3283
91745 3266
91761 3259
91777 3223
91794 3198
91810 3170
91827 3130
91843 3127
91860 3107
91876 3091
91892 3060
91909 3031
91925 2998
91942 2992
91958 2954
91975 2923
91992 2901
92009 2876
92025 2839
92041 2819
92058 2790
92074 2792
92091 2733
92107 2699
92124 2669
92140 2647
92156 2621
92173 2613
92189 2562
92206 2532
92222 2502
92239 2477
92255 2437
92271 2412
92288 2382
92304 2342
92321 2318
92337 2282
92354 2253
92370 2222
92386 2185
92403 2157
92419 2108
92436 2092
92452 2055
92469 2026
92485 1988
92501 1965
92518 1928
92534 1896
92551 1866
92567 1837
92584 1776
92600 1779
92616 1732
92633 1698
92649 1671
92666 1635
92682 1577
92699 1567
92715 1538
92731 1504
92748 1450
92764 1434
92781 1402
92797 1372
92814 1334
92830 1301
92846 1278
92863 1203
92879 1227
92896 1183
92912 1136
92929 1126
92945 1084
92961 1062
92978 1029
92995 993
93012 947
93028 934
93045 894
93061 873
93078 845
93094 818
93110 783
93127 769
93143 735
93160 726
93176 665
93193 653
93209 629
93225 581
93242 571
93258 549
93275 523
93291 498
93308 474
93324 459
93340 428
93357 400
93373 377
93390 327
93406 335
93423 316
93439 270
93455 273
93472 256
93488 283
93505 194
93521 200
93538 186
93554 160
93570 153
93587 138
93603 140
93620 139
93636 127
93653 129
93669 128
93685 109
93702 126
93718 116
93735 122
93751 135
93768 143
93784 142
93800 139
93817 147
93833 130
93850 147
93866 161
93883 158
93899 171
93915 172
93932 175
93948 187
93965 195
93981 188
93999 205
94015 203
94032 229
94048 230
94064 252
94081 250
94097 283
94114 270
94130 309
94147 303
94163 411
94179 348
94196 352
94212 365
94229 382
94245 403
94262 418
94278 438
94294 455
94311 472
94327 484
94344 509
94360 535
94377 568
94393 580
94409 608
94426 638
94442 645
94459 676
94475 698
94492 728
94508 750
94524 785
94541 801
94557 832
94574 855
94590 882
94607 914
94623 930
94639 974
94656 1000
94672 1038
94689 1102
94705 1101
94722 1132
94738 1152
94754 1195
94771 1231
94787 1259
94804 1295
94820 1332
94837 1356
94853 1395
94869 1424
94886 1463
94902 1494
94919 1529
94935 1566
94952 1597
94968 1631
94986 1669
95002 1719
95018 1748
95035 1775
95051 1830
95068 1856
95084 1893
95101 1939
95117 1971
95133 2003
95150 2046
95166 2078
95183 2119
95199 2150
95216 2193
95232 2228
95248 2253
95265 2310
95281 2331
95298 2374
95314 2398
95331 2454
95347 2484
95363 2513
95380 2561
95396 2592
95413 2616
95429 2663
95446 2683
95462 2731
95478 2761
95495 2799
95511 2835
95528 2861
95544 2897
95561 2926
95577 2954
95593 2986
95610 3021
95626 3053
95643 3095
95659 3111
95676 3147
95692 3156
95708 3217
95725 3232
95741 3247
95758 3324
95774 3304
95791 3332
95807 3369
95823 3381
95840 3404
95856 3429
95873 3447
95889 3487
95906 3486
95922 3506
95938 3530
95955 3544
95971 3565
95989 3590
96005 3604
96022 3613
96038 3636
96055 3648
96071 3627
96087 3672
96104 3678
96120 3696
96137 3702
96153 3711
96170 3722
96186 3710
96202 3735
96219 3738
96235 3750
96252 3752
96268 3761
96285 3763
96301 3777
96317 3781
96334 3779
96350 3775
96367 3780
96383 3781
96400 3780
96416 3787
96432 3770
96449 3791
96465 3775
96482 3777
96498 3770
96515 3764
96531 3767
96547 3765
96564 3762
96580 3773
96597 3753
96613 3743
96630 3739
96646 3734
96662 3727
96679 3715
96695 3709
96712 3697
96728 3691
96745 3683
96761 3665
96777 3661
96794 3648
96810 3647
96827 3621
96843 3614
96860 3600
96876 3587
96892 3576
96909 3562
96925 3547
96942 3535
96958 3512
96975 3503
96992 3488
97009 3461
97025 3454
97041 3431
97058 3415
97074 3392
97091 3371
97107 3359
97124 3317
97140 3320
97156 3294
97173 3275
97189 3257
97206 3240
97222 3211
97239 3187
97255 3163
97271 3143
97288 3113
97304 3100
97321 3075
97337 3040
97354 3022
97370 2969
97386 2968
97403 2941
97419 2915
97436 2891
97452 2849
97469 2813
97485 2804
97501 2781
97518 2745
97534 2727
97551 2695
97567 2662
97584 2633
97600 2604
97616 2578
97633 2548
97649 2518
97666 2485
97682 2445
97699 2423
97715 2396
97731 2361
97748 2335
97764 2305
97781 2264
97797 2226
97814 2191
97830 2168
97846 2153
97863 2100
97879 2069
97896 2043
97912 2010
97929 1973
97945 1937
97961 1909
97978 1879
97995 1834
98012 1808
98028 1778
98045 1751
98061 1708
98078 1674
98094 1625
98110 1597
98127 1575
98143 1560
98160 1490
98176 1484
98193 1447
98209 1417
98225 1380
98242 1366
98258 1311
98275 1288
98291 1261
98308 1225
98324 1192
98340 1160
98357 1127
98373 1096
98390 1048
98406 1035
98423 1031
98439 978
98455 938
98472 921
98488 885
98505 850
98521 837
98538 798
98554 825
98570 744
98587 709
98603 687
98620 659
98636 632
98653 607
98669 577
98685 554
98702 526
98718 490
98735 465
98751 449
98768 428
98784 426
98800 388
98817 361
98833 341
98850 319
98866 276
98883 274
98899 257
98915 236
98932 213
98948 201
98965 186
98981 163
98999 155
99015 147
99032 130
99048 147
99064 128
99081 128
99097 127
99114 132
99130 133
99147 125
99163 146
99179 131
99196 102
99212 124
99229 139
99245 142
99262 144
99278 153
99294 155
99311 165
99327 147
99344 169
99360 176
99377 184
99393 188
99409 198
99426 210
99442 219
99459 225
99475 227
99492 246
99508 257
99524 269
99541 280
99557 294
99574 302
99590 316
99607 333
99623 354
99639 375
99656 378
99672 397
99689 411
99705 431
99722 449
99738 477
99754 495
99771 500
99787 537
99804 553
99820 576
99837 601
99853 622
99869 644
99886 673
99902 695
99919 722
99935 748
99952 776
99968 777
99986 824
100002 858
100018 884
100035 920
100051 944
100068 975
100084 1007
100101 1036
100117 1065
100133 1097
100150 1136
100166 1162
100183 1194
100199 1220
100216 1259
100232 1281
100248 1325
100265 1359
100281 1388
100298 1414
100314 1459
100331 1496
100347 1542
100363 1572
100380 1606
100396 1645
100413 1676
100429 1708
100446 1741
100462 1785
100478 1818
100495 1859
100511 1895
100528 1906
100544 1971
100561 2004
100577 2052
100593 2059
100610 2110
100626 2143
100643 2190
100659 2223
100676 2273
100692 2281
100708 2328
100725 2375
100741 2412
100757 2437
100774 2482
100790 2517
100806 2552
100822 2588
100839 2625
100855 2655
100871 2691
100888 2719
100904 2760
100920 2793
100936 2827
100953 2842
100969 2912
100986 2928
101003 2953
101019 3004
101035 3026
101052 3063
101068 3085
101084 3113
101100 3141
101117 3180
101133 3201
101149 3219
101166 3256
101182 3277
101198 3300
101214 3308
101231 3353
101247 3381
101263 3401
101280 3426
101296 3440
101312 3459
101328 3484
101345 3484
101361 3511
101377 3548
101394 3581
101410 3597
101426 3601
101442 3620
101459 3630
101475 3608
101491 3656
101508 3670
101524 3685
101540 3693
101556 3704
101573 3709
101589 3722
101605 3727
101622 3734
101638 3746
101654 3749
101670 3773
101687 3764
101703 3749
101719 3768
101736 3737
101752 3773
101768 3779
101784 3784
101801 3788
101817 3787
101833 3787
101850 3785
101866 3798
101882 3789
101898 3782
101915 3775
101931 3776
101947 3773
101964 3776
101980 3773
101997 3764
102014 3759
102030 3753
102046 3740
102062 3732
102079 3732
102095 3714
102111 3714
102128 3708
102144 3700
102160 3697
102176 3688
102193 3678
102209 3672
102225 3654
102242 3635
102258 3634
102274 3620
102290 3608
102307 3594
102323 3580
102339 3567
102356 3554
102372 3532
102388 3522
102404 3506
102421 3498
102437 3475
102453 3448
102470 3438
102486 3409
102502 3400
102518 3394
102535 3361
102551 3353
102567 3330
102584 3311
102600 3285
102616 3264
102632 3261
102649 3223
102665 3199
102681 3171
102698 3157
102714 3132
102730 3107
102746 3083
102763 3060
102779 3033
102795 3010
102812 2992
102828 2960
102844 2924
102860 2899
102877 2879
102893 2853
102909 2825
102926 2794
102942 2910
102958 2746
102974 2703
102992 2692
103008 2658
103024 2624
103041 2602
103057 2568
103073 2536
103090 2513
103106 2482
103122 2448
103138 2422
103155 2388
103171 2359
103187 2325
103204 2287
103220 2264
103236 2227
103252 2201
103269 2172
103285 2135
103301 2114
103318 2080
103334 2048
103350 2014
103366 1977
103383 1948
103399 1908
103415 1882
103432 1851
103448 1829
103464 1787
103480 1748
103497 1723
103513 1685
103529 1653
103546 1620
103562 1591
103578 1548
103594 1532
103611 1491
103627 1469
103643 1428
103660 1398
103676 1365
103692 1330
103708 1258
103725 1271
103741 1240
103757 1211
103774 1186
103790 1146
103806 1117
103822 1085
103839 1054
103855 1026
103871 999
103888 976
103904 937
103920 910
103936 879
103953 853
103969 805
103986 792
104003 765
104019 737
104035 712
104052 684
104068 613
104084 634
104100 605
104117 583
104133 557
104149 532
104166 506
104182 483
104198 460
104214 441
104231 414
104247 391
104263 369
104280 360
104296 328
104312 317
104328 276
104345 228
104361 246
104377 231
104394 205
104410 200
104426 185
104442 173
104459 153
104475 123
104491 143
104508 131
104524 145
104540 135
104556 129
104573 131
104589 131
104605 128
104622 135
104638 136
104654 138
104670 138
104687 144
104703 147
104719 141
104736 101
104752 154
104768 159
104784 172
104801 170
104817 190
104833 191
104850 199
104866 210
104882 209
104898 221
104915 234
104931 238
104947 248
104964 258
104980 272
104997 282
105014 297
105030 308
105046 328
105062 338
105079 355
105095 356
105111 380
105128 398
105144 418
105160 426
105176 467
105193 477
105209 498
105225 518
105242 552
105258 560
105274 588
105290 605
105307 628
105323 651
105339 673
105356 698
105372 723
105388 747
105404 777
105421 762
105437 829
105453 855
105470 829
105486 907
105502 939
105518 966
105535 1000
105551 1029
105567 1078
105584 1095
105600 1138
105616 1161
105632 1193
105649 1247
105665 1243
105681 1285
105698 1327
105714 1360
105730 1389
105746 1424
105763 1455
105779 1497
105795 1524
105812 1561
105828 1597
105844 1632
105860 1646
105877 1701
105893 1724
105909 1776
105926 1814
105942 1844
105958 1896
105974 1934
105992 1960
106008 1999
106024 2033
106041 2066
106057 2105
106073 2143
106090 2184
106106 2214
106122 2253
106138 2289
106155 2331
106171 2367
106187 2397
106204 2438
106220 2458
106236 2506
106252 2532
106269 2571
106285 2616
106301 2638
106318 2674
106334 2720
106350 2755
106366 2782
106383 2818
106399 2854
106415 2889
106432 2918
106448 2918
106464 2982
106480 3011
106497 3047
106513 3077
106529 3097
106546 3136
106562 3144
106578 3186
106594 3222
106611 3239
106627 3279
106643 3290
106660 3323
106676 3352
106692 3371
106708 3409
106725 3425
106741 3449
106757 3470
106774 3487
106790 3511
106806 3526
106822 3546
106839 3558
106855 3581
106871 3605
106888 3615
106904 3630
106920 3641
106936 3659
106953 3671
106969 3684
106986 3692
107003 3712
107019 3712
107035 3727
107052 3726
107068 3750
107084 3751
107100 3759
107117 3766
107133 3769
107149 3774
107166 3777
107182 3781
107198 3787
107214 3797
107231 3791
107247 3795
107263 3792
107280 3793
107296 3794
107312 3794
107328 3796
107345 3826
107361 3778
107377 3786
107394 3775
107410 3778
107426 3780
107442 3770
107459 3774
107475 3764
107491 3762
107508 3750
107524 3746
107540 3739
107556 3732
107573 3714
107589 3717
107605 3719
107622 3701
107638 3691
107654 3678
107670 3656
107687 3657
107703 3642
107719 3635
107736 3633
107752 3599
107768 3594
107784 3579
107801 3570
107817 3554
107833 3550
107850 3527
107866 3511
107882 3494
107898 3475
107915 3461
107931 3429
107947 3422
107964 3407
107980 3384
107997 3355
108013 3343
108030 3325
108046 3312
108062 3284
108079 3265
108095 3238
108111 3217
108127 3197
108144 3165
108160 3156
108176 3130
108193 3101
108209 3083
108225 3061
108241 3002
108258 3012
108274 2981
108290 2953
108307 2929
108323 2905
108339 2879
108355 2845
108372 2824
108388 2796
108404 2770
108421 2743
108437 2708
108453 2678
108469 2654
108486 2624
108502 2568
108518 2563
108535 2531
108551 2505
108567 2474
108583 2472
108600 2422
108616 2402
108632 2357
108649 2325
108665 2300
108681 2254
108697 2229
108714 2199
108730 2169
108746 2130
108763 2106
108779 2071
108795 2037
108811 2001
108828 1972
108844 1945
108860 1912
108877 1871
108893 1848
108909 1809
108925 1776
108942 1713
108958 1713
108974 1698
108992 1642
109008 1619
109024 1579
109041 1552
109057 1526
109073 1496
109089 1475
109106 1419
109122 1396
109138 1362
109155 1332
109171 1301
109187 1267
109203 1235
109220 1207
109236 1171
109252 1130
109269 1110
109285 1076
109301 1054
109317 1031
109334 1004
109350 967
109366 936
109383 912
109399 884
109415 848
109431 831
109448 804
109464 783
109480 730
109497 710
109513 686
109529 661
109545 632
109562 609
109578 569
109594 558
109611 532
109627 494
109643 479
109659 456
109676 434
109692 417
109708 414
109725 384
109741 352
109757 320
109773 317
109790 291
109806 273
109822 249
109839 261
109855 212
109871 206
109887 186
109904 175
109920 160
109936 152
109953 143
109969 134
109986 106
110003 122
110019 125
110035 118
110051 129
110068 133
110084 147
110100 132
110117 145
110133 137
110149 135
110165 145
110182 121
110198 161
110214 172
110231 159
110247 165
110263 170
110279 179
110296 187
110312 196
110328 195
110345 242
110361 218
110377 216
110393 234
110410 234
110426 252
110442 267
110459 276
110475 302
110491 317
110507 322
110524 325
110540 350
110556 374
110573 386
110589 411
110605 458
110621 437
110638 453
110654 477
110670 483
110687 517
110703 532
110719 553
110735 612
110752 598
110768 613
110784 632
110801 659
110817 691
110833 723
110849 740
110866 768
110882 797
110898 839
110915 864
110931 894
110947 922
110963 933
110980 966
110997 996
111013 1039
111030 1064
111046 1099
111062 1125
111079 1150
111095 1187
111111 1220
111127 1237
111144 1280
111160 1327
111176 1349
111193 1386
111209 1413
111225 1461
111241 1488
111258 1531
111274 1534
111290 1602
111307 1628
111323 1666
111339 1705
111355 1749
111372 1762
111388 1806
111404 1846
111421 1876
111437 1915
111453 1953
111469 1990
111486 2026
111502 2061
111518 2089
111535 2132
111551 2154
111567 2198
111583 2247
111600 2284
111616 2324
111632 2354
111649 2401
111665 2435
111681 2464
111697 2505
111714 2525
111730 2589
111746 2597
111763 2638
111779 2679
111795 2711
111811 2743
111828 2779
111844 2811
111860 2843
111877 2878
111893 2907
111909 2934
111925 2971
111942 2994
111958 3043
111974 3066
111992 3101
112008 3127
112024 3163
112041 3182
112057 3220
112073 3241
112089 3279
112106 3287
112122 3322
112138 3346
112155 3370
112171 3390
112187 3407
112203 3436
112220 3457
112236 3483
112252 3500
112269 3531
112285 3533
112301 3549
112317 3497
112334 3588
112350 3602
112366 3625
112383 3635
112399 3672
112415 3645
112431 3679
112448 3645
112464 3689
112480 3698
112497 3713
112513 3718
112529 3734
112545 3751
112562 3746
112578 3740
112594 3758
112611 3764
112627 3765
112643 3771
112659 3771
112676 3779
112692 3773
112708 3774
112725 3782
112741 3793
112757 3783
112773 3785
112790 3785
112806 3781
112822 3783
112839 3781
112855 3781
112871 3775
112887 3772
112904 3763
112920 3762
112936 3754
112953 3750
112969 3756
112986 3741
113003 3727
113019 3715
113035 3716
113051 3696
113068 3701
113084 3687
113100 3716
113117 3676
113133 3629
113149 3652
113165 3633
113182 3628
113198 3613
113214 3579
113231 3587
113247 3570
113263 3553
113279 3542
113296 3524
113312 3507
113328 3498
113345 3484
113361 3462
113377 3446
113393 3402
113410 3409
113426 3387
113442 3364
113459 3354
113475 3321
113491 3322
113507 3295
113524 3273
113540 3254
113556 3229
113573 3210
113589 3183
113605 3159
113621 3141
113638 3116
113654 3088
113670 3066
113687 3041
113703 3019
113719 2992
113735 2974
113752 2943
113768 2915
113784 2860
113801 2857
113817 2827
113833 2799
113849 2780
113866 2746
113882 2725
113898 2692
113915 2667
113931 2616
113947 2607
113963 2581
113980 2551
113997 2515
114013 2486
114030 2455
114046 2423
114062 2393
114079 2370
114095 2328
114111 2302
114127 2268
114144 2223
114160 2218
114176 2167
114193 2137
114209 2110
114225 2071
114241 2081
114258 2018
114274 1982
114290 1949
114307 1912
114323 1886
114339 1848
114355 1818
114372 1780
114388 1752
114404 1718
114421 1693
114437 1652
114453 1622
114469 1589
114486 1557
114502 1526
114518 1491
114535 1440
114551 1432
114567 1395
114583 1363
114600 1330
114616 1295
114632 1274
114649 1237
114665 1206
114681 1173
114697 1144
114714 1113
114730 1081
114746 1049
114763 1022
114779 990
114795 959
114811 895
114828 905
114844 874
114860 840
114877 811
114893 787
114909 760
114925 725
114942 699
114958 669
114974 647
114992 624
115008 597
115024 571
115041 544
115057 517
115073 497
115089 467
115106 446
115122 423
115138 397
115155 385
115171 356
115187 333
115203 309
115220 290
115236 268
115252 251
115269 229
115285 202
115301 193
115317 182
115334 161
115350 154
115366 139
115383 143
115399 134
115415 131
115431 126
115448 122
115464 132
115480 130
115497 128
115513 128
115529 128
115545 134
115562 135
115578 183
115594 143
115611 147
115627 144
115643 157
115659 159
115676 151
115692 169
115708 205
115725 184
115741 193
115757 178
115773 211
115790 215
115806 227
115822 232
115839 292
115855 252
115871 265
115887 274
115904 286
115920 299
115936 313
115953 333
115969 339
115986 359
116003 378
116019 394
116035 395
116051 429
116068 447
116084 463
116100 485
116117 501
116133 533
116149 549
116165 574
116182 589
116198 606
116214 631
116231 661
116247 691
116263 722
116279 737
116296 764
116312 792
116328 813
116345 821
116361 865
116377 898
116393 926
116410 959
116426 971
116442 1012
116459 1039
116475 1077
116491 1106
116507 1164
116524 1176
116540 1216
116556 1239
116573 1268
116589 1302
116605 1346
116621 1368
116638 1403
116654 1436
116670 1469
116687 1505
116703 1538
116719 1569
116735 1606
116752 1647
116768 1681
116784 1710
116801 1742
116817 1794
116833 1821
116849 1856
116866 1900
116882 1929
116898 1994
116915 2015
116931 2034
116947 2083
116963 2114
116980 2159
116997 2187
117013 2234
117030 2263
117046 2316
117062 2336
117079 2370
117095 2410
117111 2445
117127 2477
117144 2518
117160 2547
117176 2569
117193 2619
117209 2668
117225 2691
117241 2732
117258 2769
117274 2795
117290 2846
117307 2865
117323 2898
117339 2925
117355 2961
117372 2978
117388 3019
117404 3047
117421 3075
117437 3107
117453 3138
117469 3162
117486 3193
117502 3220
117518 3247
117535 3275
117551 3291
117567 3320
117583 3345
117600 3366
117616 3396
117632 3416
117649 3456
117665 3470
117681 3492
117697 3496
117714 3529
117730 3542
117746 3564
117763 3572
117779 3595
117795 3607
117811 3756
117828 3637
117844 3646
117860 3662
117877 3676
117893 3682
117909 3694
117925 3706
117942 3705
117958 3721
117974 3718
117992 3744
118008 3761
118024 3756
118041 3760
118057 3769
118073 3756
118089 3768
118106 3769
118122 3773
118138 3779
118155 3779
118171 3777
118187 3784
118203 3779
118220 3778
118236 3778
118252 3774
118269 3772
118285 3775
118301 3756
118317 3720
118334 3748
118350 3749
118366 3752
118383 3738
118399 3746
118415 3737
118431 3728
118448 3727
118464 3711
118480 3707
118497 3687
118513 3686
118529 3678
118545 3670
118562 3657
118578 3616
118594 3639
118611 3623
118627 3610
118643 3599
118659 3586
118676 3572
118692 3545
118708 3523
118725 3516
118741 3511
118757 3498
118773 3476
118790 3473
118806 3449
118822 3437
118839 3411
118855 3390
118871 3378
118887 3362
118904 3335
118920 3318
118936 3301
118953 3275
118969 3248
118986 3232
119003 3210
119019 3186
119035 3166
119051 3128
119068 3114
119084 3095
119100 3067
119117 3046
119133 3016
119149 3005
119165 2972
119182 2948
119198 2920
119214 2886
119231 2866
119247 2841
119263 2812
119279 2775
119296 2758
119312 2728
119328 2704
119345 2670
119361 2644
119377 2613
119393 2591
119410 2555
119426 2524
119442 2484
119459 2464
119475 2399
119491 2403
119507 2371
119524 2331
119540 2314
119556 2286
119573 2250
119589 2205
119605 2107
119621 2156
119638 2121
119654 2089
119670 2055
119687 2024
119703 1992
119719 1962
119735 1929
119752 1897
119768 1863
119784 1823
119801 1799
119817 1763
119833 1718
119849 1697
119866 1664
119882 1632
119898 1599
119915 1590
119931 1541
119947 1514
119963 1471
119980 1439
119997 1404
120013 1376
120030 1340
120046 1307
120062 1277
120079 1248
120095 1217
120111 1182
120127 1149
120144 1121
120160 1089
120176 1064
120193 1024
120209 1002
120225 972
120241 939
120258 909
120274 881
120290 860
120307 828
120323 795
120339 768
120355 733
120372 713
120388 687
120404 653
120421 634
120437 607
120453 582
120469 558
120486 531
120502 505
120518 482
120535 458
120551 434
120567 412
120583 387
120600 367
120616 346
120632 321
120649 294
120665 282
120681 265
120697 242
120714 225
120730 206
120746 193
120763 177
120779 163
120795 149
120811 178
120828 137
120844 135
120860 131
120877 127
120893 127
120909 126
120925 125
120942 135
120958 127
120974 125
120992 131
121008 142
121024 140
121041 144
121057 132
121073 132
121089 158
121106 156
121122 170
121138 173
121155 175
121171 188
121187 287
121203 199
121220 211
121236 218
121252 227
121269 237
121285 249
121301 260
121317 223
121334 277
121350 291
121366 305
121383 327
121399 337
121415 365
121431 372
121448 390
121464 404
121480 418
121497 434
121513 457
121529 471
121545 504
121562 518
121578 515
121594 548
121611 579
121627 602
121643 627
121659 659
121676 673
121692 699
121708 708
121725 747
121741 766
121757 797
121773 827
121790 853
121806 890
121822 914
121839 960
121855 971
121871 1000
121887 1034
121904 1066
121920 1093
121936 1126
121953 1158
121969 1196
121986 1226
122003 1255
122019 1289
122035 1317
122051 1356
122068 1377
122084 1418
122100 1454
122117 1485
122133 1528
122149 1556
122165 1610
122182 1634
122198 1673
122214 1700
122231 1747
122247 1777
122263 1814
122279 1850
122296 1892
122312 1914
122328 1958
122345 1955
122361 2031
122377 2063
122393 2112
122410 2138
122426 2181
122442 2215
122459 2233
122475 2274
122491 2329
122507 2359
122524 2408
122540 2431
122556 2468
122573 2498
122589 2550
122605 2580
122621 2609
122638 2668
122654 2685
122670 2715
122687 2750
122703 2783
122719 2820
122735 2848
122752 2883
122768 2911
122784 2943
122801 2976
122817 3008
122833 3045
122849 3066
122866 3101
122882 3124
122898 3159
122915 3189
122931 3213
122947 3255
122963 3274
122980 3298
122997 3324
123013 3353
123030 3372
123046 3399
123062 3420
123079 3441
123095 3473
123111 3485
123127 3503
123144 3530
123160 3549
123176 3555
123193 3581
123209 3586
123225 3614
123241 3628
123258 3635
123274 3656
123290 3664
123307 3686
123323 3693
123339 3705
123355 3714
123372 3712
123388 3734
123404 3738
123421 3754
123437 3755
123453 3760
123469 3766
123486 3774
123502 3770
123518 3781
123535 3777
123551 3784
123567 3786
123583 3788
123600 3790
123616 3788
123632 3789
123649 3788
123665 3788
123681 3793
123697 3791
123714 3785
123730 3771
123746 3777
123763 3776
123779 3773
123795 3765
123811 3776
123828 3753
123844 3754
123860 3744
123877 3736
123893 3724
123909 3714
123925 3713
123942 3722
123958 3696
123974 3682
123992 3669
124008 3660
124024 3652
124041 3636
124057 3635
124073 3623
124089 3607
124106 3587
124122 3574
124138 3559
124155 3561
124171 3533
124187 3534
124203 3500
124220 3487
124236 3471
124252 3448
124269 3439
124285 3416
124301 3400
124317 3382
124334 3359
124350 3328
124366 3293
124383 3289
124399 3278
124415 3248
124431 3262
124448 3220
124464 3194
124480 3173
124497 3144
124513 3126
124529 3103
124545 3073
124562 3051
124578 3023
124594 3001
124611 2977
124627 2949
124643 2912
124659 2899
124676 2880
124692 2843
124708 2818
124725 2774
124741 2762
124757 2730
124773 2699
124790 2678
124806 2641
124822 2629
124839 2589
124855 2565
124871 2531
124887 2501
124904 2474
124920 2438
124936 2396
124953 2378
124969 2349
124986 2311
125003 2283
125019 2255
125035 2216
125051 2189
125068 2158
125084 2121
125100 2088
125117 2059
125133 2024
125149 2000
125165 1962
125182 1946
125198 1903
125214 1893
125231 1841
125247 1804
125263 1786
125279 1740
125296 1707
125312 1678
125328 1628
125345 1609
125361 1582
125377 1546
125393 1515
125410 1482
125426 1446
125442 1420
125459 1387
125475 1347
125491 1323
125507 1285
125524 1256
125540 1236
125556 1193
125573 1183
125589 1140
125605 1131
125621 1080
125638 1022
125654 1019
125670 976
125687 963
125703 934
125719 900
125735 876
125752 846
125768 810
125784 788
125801 776
125817 728
125833 707
125849 680
125866 630
125882 627
125898 590
125915 570
125931 553
125947 522
125963 512
125980 496
125997 454
126013 443
126030 400
126046 364
126062 355
126079 352
126095 325
126111 300
126127 283
126144 257
126160 243
126176 227
126193 214
126209 196
126225 160
126241 173
126258 137
126274 146
126290 146
126307 133
126323 141
126339 143
126355 130
126372 135
126388 134
126404 137
126421 138
126437 118
126453 151
126469 139
126486 149
126502 151
126518 153
126535 154
126551 158
126567 164
126583 173
126600 176
126616 173
126632 181
126649 187
126665 203
126681 191
126697 219
126714 230
126730 242
126746 262
126763 269
126779 275
126795 286
126811 291
126828 307
126844 331
126860 326
126877 361
126893 375
126909 387
126925 412
126942 425
126958 438
126974 464
126992 476
127008 495
127024 518
127041 543
127057 561
127073 589
127089 609
127106 643
127122 654
127138 680
127155 712
127171 738
127187 694
127203 794
127220 809
127236 837
127252 868
127269 896
127285 932
127301 953
127317 986
127334 1010
127350 1040
127366 1067
127383 1103
127399 1121
127415 1165
127431 1196
127448 1203
127464 1269
127480 1295
127497 1343
127513 1374
127529 1406
127545 1438
127562 1459
127578 1455
127594 1528
127611 1564
127627 1611
127643 1642
127659 1674
127676 1715
127692 1747
127708 1774
127725 1824
127741 1862
127757 1883
127773 1927
127790 1961
127806 2004
127822 2042
127839 2103
127855 2119
127871 2154
127887 2186
127904 2214
127920 2250
127936 2298
127953 2324
127969 2354
127986 2414
128003 2450
128019 2491
128035 2522
128051 2557
128068 2590
128084 2627
128100 2661
128117 2703
128133 2727
128149 2749
128165 2795
128182 2831
128198 2860
128214 2905
128231 2932
128247 2980
128263 2996
128279 3033
128296 3056
128312 3094
128328 3110
128345 3143
128361 3166
128377 3204
128393 3230
128410 3258
128426 3287
128442 3308
128459 3335
128475 3307
128491 3383
128507 3405
128524 3432
128540 3449
128556 3480
128573 3489
128589 3524
128605 3538
128621 3555
128638 3571
128654 3583
128670 3611
128687 3607
128703 3639
128719 3640
128735 3676
128752 3672
128768 3691
128784 3700
128801 3714
128817 3721
128833 3732
128849 3739
128866 3745
128882 3738
128898 3749
128915 3761
128931 3763
128947 3774
128963 3778
128980 3776
128997 3777
129013 3790
129030 3771
129046 3785
129062 3777
129079 3789
129095 3798
129111 3791
129127 3793
129144 3783
129160 3786
129176 3786
129193 3783
129209 3780
129225 3778
129241 3740
129258 3763
129274 3758
129290 3750
129307 3751
129323 3742
129339 3751
129355 3729
129372 3722
129388 3716
129404 3704
129421 3697
129437 3678
129453 3676
129469 3667
129486 3651
129502 3638
129518 3630
129535 3615
129551 3608
129567 3595
129583 3576
129600 3563
129616 3547
129632 3511
129649 3515
129665 3492
129681 3451
129697 3467
129714 3445
129730 3439
129746 3414
129763 3388
129779 3379
129795 3357
129811 3333
129828 3317
129844 3297
129860 3281
129877 3254
129893 3234
129909 3215
129925 3189
129942 3179
129958 3143
129974 3117
129992 3083
130008 3069
130024 3039
130041 3014
130057 2995
130073 2965
130089 2947
130106 2921
130122 2892
130138 2866
130155 2835
130171 2813
130187 2792
130203 2754
130220 2727
130236 2696
130252 2671
130269 2644
130285 2610
130301 2586
130317 2556
130334 2518
130350 2493
130366 2466
130383 2410
130399 2397
130415 2374
130431 2337
130448 2303
130464 2274
130480 2243
130497 2222
130513 2161
130529 2148
130545 2117
130562 2085
130578 2028
130594 2001
130611 1978
130627 1952
130643 1927
130659 1893
130676 1848
130692 1827
130708 1782
130725 1760
130741 1730
130757 1696
130773 1656
130790 1633
130806 1570
130822 1565
130839 1533
130855 1505
130871 1477
130887 1436
130904 1410
130920 1371
130936 1373
130953 1305
130969 1284
130986 1245
131003 1219
131019 1187
131035 1158
131051 1124
131068 1094
131084 1062
131100 1033
131117 1001
131133 964
131149 943
131165 910
131182 882
131198 857
131214 860
131231 808
131247 774
131263 752
131279 719
131296 694
131312 661
131328 642
131345 635
131361 590
131377 562
131393 542
131410 515
131426 487
131442 466
131459 441
131475 445
131491 398
131507 373
131524 367
131540 328
131556 305
131573 292
131589 270
131605 251
131621 237
131638 219
131654 211
131670 176
131687 171
131703 159
131719 151
131735 143
131752 138
131768 128
131784 138
131801 129
131817 124
131833 128
131849 123
131866 129
131882 137
131898 136
131915 140
131931 138
131947 141
131963 148
131980 158
131997 161
132013 165
132030 175
132046 174
132062 181
132079 186
132095 199
132111 200
132127 210
132144 218
132160 229
132176 229
132193 250
132209 257
132225 270
132241 283
132258 292
132274 309
132290 316
132307 323
132323 351
132339 363
132355 409
132372 405
132388 420
132404 436
132421 453
132437 475
132453 493
132469 508
132486 533
132502 552
132518 574
132535 599
132551 735
132567 639
132583 669
132600 691
132616 717
132632 742
132649 747
132665 785
132681 813
132697 844
132714 879
132730 902
132746 943
132763 967
132779 992
132795 1022
132811 999
132828 1088
132844 1115
132860 1154
132877 1170
132893 1214
132909 1243
132925 1279
132942 1294
132958 1341
132974 1375
132992 1417
133008 1446
133024 1472
133041 1513
133057 1544
133073 1590
133089 1631
133106 1669
133122 1697
133138 1727
133155 1750
133171 1800
133187 1837
133203 1875
133220 1905
133236 1944
133252 1978
133269 2023
133285 2056
133301 2091
133317 2132
133334 2166
133350 2198
133366 2242
133383 2274
133399 2298
133415 2344
133431 2375
133448 2408
133464 2454
133480 2483
133497 2542
133513 2563
133529 2597
133545 2637
133562 2650
133578 2696
133594 2722
133611 2750
133627 2790
133643 2833
133659 2865
133676 2902
133692 2930
133708 2962
133725 2993
133741 3022
133757 3054
133773 3085
133790 3092
133806 3139
133822 3162
133839 3194
133855 3226
133871 3250
133887 3289
133904 3293
133920 3336
133936 3356
133953 3374
133969 3435
133986 3435
134003 3453
134019 3495
134035 3495
134051 3510
134068 3528
