2 757
55 744
71 696
87 664
104 630
120 599
136 566
153 535
169 498
185 466
202 448
218 409
234 363
251 343
267 310
283 285
300 263
316 222
332 200
349 176
365 156
381 134
398 125
414 99
430 117
447 107
463 102
479 101
496 99
512 101
528 87
545 107
561 113
577 99
594 94
610 110
626 99
643 121
659 132
675 124
692 139
708 141
724 139
741 138
757 157
773 153
790 156
806 167
822 169
839 174
855 185
871 187
888 185
904 199
920 207
937 218
953 219
969 235
987 241
1003 250
1019 275
1036 278
1052 283
1068 280
1085 309
1101 326
1117 329
1134 348
1150 362
1166 375
1183 397
1199 455
1215 425
1232 435
1248 462
1264 471
1281 492
1297 499
1313 528
1330 542
1346 568
1362 585
1379 608
1395 641
1411 654
1428 675
1444 670
1460 719
1477 747
1493 767
1509 792
1526 812
1542 842
1558 868
1575 861
1591 921
1607 938
1624 955
1640 988
1656 996
1673 1042
1689 1058
1705 1110
1722 1124
1738 1149
1754 1186
1771 1207
1787 1250
1803 1261
1820 1297
1836 1325
1852 1350
1869 1382
1885 1403
1901 1438
1918 1468
1934 1498
1950 1536
1967 1546
1984 1586
2000 1611
2017 1660
2033 1672
2049 1708
2066 1735
2082 1784
2098 1803
2115 1831
2131 1860
2147 1890
2164 1914
2180 1965
2196 1975
2213 2021
2229 2036
2245 2069
2262 2097
2278 2125
2294 2180
2311 2178
2327 2218
2343 2245
2360 2254
2376 2299
2392 2321
2409 2355
2425 2383
2441 2411
2458 2439
2474 2466
2490 2493
2507 2504
2523 2545
2539 2560
2556 2608
2572 2619
2588 2643
2605 2679
2621 2692
2637 2714
2654 2760
2670 2757
2686 2782
2703 2805
2719 2804
2735 2844
2752 2849
2768 2873
2784 2906
2801 2917
2817 2946
2833 2965
2850 2978
2866 2998
2882 3020
2899 3040
2915 3056
2931 3063
2948 3074
2964 3070
2980 3103
2998 3123
3014 3132
3031 3144
3047 3156
3063 3157
3080 3174
3096 3194
3112 3195
3129 3202
3145 3223
3161 3221
3178 3241
3194 3229
3210 3240
3227 3253
3243 3249
3259 3262
3276 3262
3292 3261
3308 3268
3325 3267
3341 3269
3357 3268
3374 3271
3390 3281
3406 3269
3423 3259
3439 3267
3455 3249
3472 3257
3488 3260
3504 3282
3521 3252
3537 3252
3553 3242
3570 3238
3586 3234
3602 3218
3619 3202
3635 3211
3651 3187
3668 3187
3684 3180
3700 3164
3717 3157
3733 3153
3749 3154
3766 3122
3782 2984
3798 3094
3815 3073
3831 3066
3847 3052
3864 3032
3880 3026
3896 3009
3913 2977
3929 2973
3945 2959
3962 2927
3978 2916
3995 2893
4012 2873
4028 2855
4044 2835
4061 2814
4077 2793
4093 2775
4110 2750
4126 2721
4142 2703
4159 2673
4175 2659
4191 2630
4208 2622
4224 2678
4240 2558
4257 2527
4273 2512
4289 2479
4306 2445
4322 2434
4338 2399
4355 2366
4371 2347
4387 2316
4404 2281
4420 2269
4436 2223
4453 2197
4469 2173
4485 2118
4502 2103
4518 2067
4534 2043
4551 2004
4567 2011
4583 1958
4600 1917
4616 1883
4632 1861
4649 1822
4665 1800
4681 1750
4698 1724
4714 1680
4730 1668
4747 1616
4763 1584
4779 1561
4796 1516
4812 1488
4828 1456
4845 1400
4861 1383
4877 1339
4894 1315
4910 1286
4926 1246
4943 1220
4959 1189
4975 1162
4993 1117
5009 1072
5026 1042
5042 1042
5058 976
5075 942
5091 905
5107 878
5124 837
5140 803
5156 774
5173 759
5189 699
5205 672
5222 630
5238 606
5254 572
5271 535
5287 513
5303 441
5320 444
5336 418
5352 388
5369 357
5385 328
5401 285
5418 266
5434 232
5450 201
5467 180
5483 157
5499 134
5516 122
5532 115
5548 62
5565 100
5581 96
5597 100
5614 98
5630 128
5646 110
5663 105
5679 75
5695 115
5712 99
5728 119
5744 118
5761 107
5777 119
5793 130
5810 137
5826 130
5842 145
5859 142
5875 150
5891 154
5908 135
5924 161
5940 157
5957 167
5973 180
5990 192
6007 197
6023 203
6039 220
6056 218
6072 207
6088 239
6105 242
6121 230
6137 261
6154 269
6170 283
6186 303
6203 304
6219 320
6235 331
6252 343
6268 355
6284 367
6301 386
6317 400
6333 431
6350 447
6366 453
6382 478
6399 494
6415 505
6431 521
6448 546
6464 559
6480 581
6497 624
6513 633
6529 646
6546 669
6562 688
6578 713
6595 736
6611 736
6627 749
6644 793
6660 828
6676 850
6693 905
6709 903
6725 930
6742 955
6758 962
6774 999
6791 1025
6807 1063
6823 1089
6840 1104
6856 1151
6872 1172
6889 1187
6905 1224
6921 1251
6938 1276
6954 1310
6970 1319
6988 1362
7004 1400
7020 1420
7037 1461
7053 1489
7069 1528
7086 1546
7102 1572
7118 1600
7135 1626
7151 1670
7167 1689
7184 1723
7200 1753
7216 1784
7233 1813
7249 1839
7265 1868
7282 1903
7298 1932
7314 1955
7331 1986
7347 2015
7363 2049
7380 2077
7396 2123
7412 2140
7429 2167
7445 2233
7461 2224
7478 2246
7494 2278
7510 2294
7527 2346
7543 2359
7559 2391
7576 2420
7592 2444
7608 2469
7625 2498
7641 2522
7657 2538
7674 2561
7690 2593
7706 2607
7723 2645
7739 2664
7755 2717
7772 2716
7788 2737
7804 2760
7821 2770
7837 2804
7853 2821
7870 2846
7886 2872
7902 2870
7919 2906
7935 2928
7951 2930
7968 2958
7985 2977
8002 2990
8018 2993
8034 3022
8051 3032
8067 3054
8083 3066
8100 3085
8116 3092
8132 3115
8149 3118
8165 3148
8181 3145
8198 3152
8214 3164
8230 3172
8247 3178
8263 3190
8279 3200
8296 3202
8312 3215
8328 3216
8345 3223
8361 3227
8377 3226
8394 3233
8410 3236
8426 3241
8443 3235
8459 3268
8475 3252
8492 3249
8508 3251
8524 3249
8541 3247
8557 3245
8573 3251
8590 3245
8606 3239
8622 3237
8639 3227
8655 3224
8671 3224
8688 3213
8704 3133
8720 3201
8737 3177
8753 3184
8769 3170
8786 3166
8802 3157
8818 3179
8835 3138
8851 3130
8867 3119
8884 3104
8900 3108
8916 3074
8933 3065
8949 3051
8965 3048
8982 3024
8999 3010
9015 2987
9032 2972
9048 2964
9064 2937
9081 2911
9097 2903
9113 2878
9130 2862
9146 2836
9162 2831
9179 2798
9195 2787
9211 2761
9228 2741
9244 2722
9260 2693
9277 2687
9293 2651
9309 2622
9326 2600
9342 2577
9358 2545
9375 2522
9391 2497
9407 2484
9424 2445
9440 2413
9456 2384
9473 2356
9489 2337
9505 2301
9522 2306
9538 2252
9554 2227
9571 2192
9587 2159
9603 2133
9620 2098
9636 2071
9652 2021
9669 2008
9685 1980
9701 1949
9718 1904
9734 1884
9750 1849
9767 1823
9783 1813
9799 1743
9816 1719
9832 1679
9848 1653
9865 1624
9881 1620
9897 1558
9914 1513
9930 1501
9946 1454
9963 1434
9979 1390
9996 1318
10012 1321
10028 1286
10045 1250
10061 1219
10077 1186
10094 1150
10110 1109
10126 1084
10143 1052
10159 1006
10175 980
10192 947
10208 910
10224 872
10241 859
10257 818
10273 772
10290 733
10306 718
10322 682
10339 639
10355 623
10371 590
10388 551
10404 522
10420 491
10437 451
10453 430
10469 389
10486 362
10502 332
10518 292
10535 267
10551 238
10567 211
10584 179
10600 147
10616 152
10633 135
10649 120
10665 106
10682 111
10698 102
10714 101
10731 101
10747 102
10763 102
10780 99
10796 105
10812 108
10829 103
10845 115
10861 108
10878 120
10894 113
10910 125
10927 133
10943 136
10959 135
10976 146
10993 140
11009 145
11026 159
11042 195
11058 154
11075 172
11091 174
11107 186
11124 189
11140 193
11156 203
11173 157
11189 217
11205 228
11222 230
11238 241
11254 253
11271 261
11287 276
11303 304
11320 306
11336 308
11352 331
11369 339
11385 392
11401 372
11418 369
11434 422
11450 413
11467 431
11483 449
11499 460
11516 484
11532 499
11548 545
11565 531
11581 548
11597 574
11614 595
11630 618
11646 637
11663 655
11679 659
11695 710
11712 730
11728 749
11744 772
11761 796
11777 820
11793 844
11810 885
11826 895
11842 909
11859 943
11875 970
11891 994
11908 1024
11924 1052
11940 1052
11957 1100
11973 1125
11990 1178
12007 1202
12023 1215
12039 1241
12056 1278
12072 1297
12088 1333
12105 1359
12121 1392
12137 1421
12154 1448
12170 1479
12186 1509
12203 1536
12219 1567
12235 1600
12252 1615
12268 1655
12284 1677
12301 1712
12317 1740
12333 1775
12350 1803
12366 1846
12382 1871
12399 1886
12415 1922
12431 1960
12448 1986
12464 2012
12480 2040
12497 2091
12513 2102
12529 2132
12546 2177
12562 2182
12578 2217
12595 2244
12611 2272
12627 2302
12644 2317
12660 2350
12676 2385
12693 2406
12709 2440
12725 2458
12742 2499
12758 2517
12774 2528
12791 2570
12807 2584
12823 2616
12840 2639
12856 2672
12872 2687
12889 2713
12905 2731
12921 2756
12938 2800
12954 2797
12970 2826
12988 2847
13004 2856
13021 2877
13037 2902
13053 2918
13070 3001
13086 2961
13102 2969
13119 3004
13135 3007
13151 3025
13168 3040
13184 3055
13200 3069
13217 3082
13233 3099
13249 3100
13266 3121
13282 3137
13298 3143
13315 3156
13331 3168
13347 3165
13364 3188
13380 3194
13396 3200
13413 3218
13429 3231
13445 3228
13462 3233
13478 3243
13494 3220
13511 3242
13527 3236
13543 3248
13560 3250
13576 3266
13592 3260
13609 3257
13625 3257
13641 3256
13658 3257
13674 3257
13690 3259
13707 3236
13723 3246
13739 3241
13756 3240
13772 3239
13788 3230
13805 3232
13821 3226
13837 3203
13854 3208
13870 3207
13886 3201
13903 3184
13919 3176
13935 3166
13952 3156
13968 3144
13985 3133
14002 3122
14018 3105
14034 3094
14051 3086
14067 3065
14083 3053
14100 3041
14116 3018
14132 3021
14149 2988
14165 2979
14181 2970
14198 3020
14214 2918
14230 2903
14247 2885
14263 2870
14279 2844
14296 2824
14312 2803
14328 2770
14345 2760
14361 2740
14377 2715
14394 2695
14410 2670
14426 2649
14443 2622
14459 2597
14475 2574
14492 2550
14508 2521
14524 2492
14541 2470
14557 2442
14573 2416
14590 2389
14606 2364
14622 2335
14639 2306
14655 2275
14671 2244
14688 2221
14704 2189
14720 2162
14737 2131
14753 2104
14769 2071
14786 2037
14802 2010
14818 1977
14835 1946
14851 1912
14867 1882
14884 1845
14900 1820
14916 1800
14933 1728
14949 1729
14965 1685
14982 1652
14999 1620
15016 1590
15032 1557
15048 1522
15065 1472
15081 1476
15097 1404
15114 1394
15130 1356
15146 1318
15163 1290
15179 1250
15195 1216
15212 1194
15228 1151
15244 1117
15261 1083
15277 1052
15293 1016
15310 983
15326 952
15342 915
15359 886
15375 851
15391 820
15408 785
15424 753
15440 718
15457 684
15473 644
15489 616
15506 583
15522 523
15538 519
15555 513
15571 465
15587 434
15604 401
15620 369
15636 334
15653 358
15669 280
15685 252
15702 218
15718 196
15734 157
15751 146
15767 137
15783 112
15800 114
15816 107
15832 98
15849 98
15865 96
15881 103
15898 100
15914 133
15930 109
15947 115
15963 114
15979 113
15996 106
16012 112
16028 123
16045 148
16061 127
16077 134
16094 116
16110 139
16126 145
16143 148
16159 154
16175 160
16192 154
16208 167
16224 144
16241 179
16257 187
16273 205
16290 205
16306 214
16322 217
16339 228
16355 230
16371 253
16388 251
16404 272
16420 238
16437 301
16453 300
16469 309
16486 320
16502 340
16518 353
16535 365
16551 372
16567 396
16584 417
16600 433
16616 439
16633 457
16649 480
16665 501
16682 518
16698 540
16714 555
16731 537
16747 592
16763 618
16780 640
16796 660
16812 679
16829 702
16845 710
16861 761
16878 781
16894 805
16910 812
16927 836
16943 866
16959 887
16976 923
16993 952
17009 976
17026 992
17042 1027
17058 1054
17075 1076
17091 1109
17107 1134
17124 1160
17140 1194
17156 1220
17173 1290
17189 1277
17205 1310
17222 1336
17238 1365
17254 1383
17271 1419
17287 1444
17303 1414
17320 1511
17336 1544
17352 1573
17369 1603
17385 1631
17401 1655
17418 1692
17434 1720
17450 1749
17467 1783
17483 1810
17499 1839
17516 1868
17532 1898
17548 1915
17565 1960
17581 1991
17597 2021
17614 2039
17630 2078
17646 2113
17663 2133
17679 2170
17695 2191
17712 2231
17728 2258
17744 2283
17761 2311
17777 2341
17793 2367
17810 2388
17826 2421
17842 2446
17859 2479
17875 2503
17891 2527
17908 2558
17924 2578
17940 2608
17957 2631
17973 2653
17991 2671
18007 2701
18023 2713
18040 2764
18056 2774
18072 2795
18089 2818
18105 2837
18121 2877
18138 2878
18154 2898
18170 2917
18187 2937
18203 2955
18219 2977
18236 2995
18252 3008
18268 3028
18285 3046
18301 3051
18317 3062
18334 3087
18350 3100
18366 3112
18383 3131
18399 3143
18415 3147
18432 3166
18448 3180
18464 3180
18481 3202
18497 3206
18513 3213
18530 3220
18546 3219
18562 3237
18579 3242
18595 3243
18611 3258
18628 3241
18644 3263
18660 3270
18677 3254
18693 3273
18709 3279
18726 3273
18742 3280
18758 3270
18775 3282
18791 3277
18807 3278
18824 3276
18840 3276
18856 3274
18873 3259
18889 3266
18905 3253
18922 3257
18938 3251
18954 3242
18971 3232
18988 3224
19004 3221
19021 3217
19037 3200
19053 3185
19070 3188
19086 3173
19102 3170
19119 3154
19135 3142
19151 3114
19168 3124
19184 3107
19200 3096
19217 3077
19233 3068
19249 3040
19266 3031
19282 3014
19298 2993
19315 2974
19331 2960
19347 2943
19364 2924
19380 2894
19396 2885
19413 2862
19429 2843
19445 2824
19462 2819
19478 2787
19494 2761
19511 2746
19527 2715
19543 2697
19560 2664
19576 2661
19592 2608
19609 2592
19625 2571
19641 2542
19658 2512
19674 2496
19690 2456
19707 2437
19723 2409
19739 2371
19756 2383
19772 2331
19788 2291
19805 2268
19821 2233
19837 2214
19854 2184
19870 2153
19886 2104
19903 2079
19919 2065
19935 2018
19952 1996
19968 1966
19986 1929
20002 1895
20018 1864
20035 1831
20051 1803
20067 1767
20084 1743
20100 1700
20116 1657
20133 1642
20149 1601
20165 1579
20182 1540
20198 1512
20214 1466
20231 1435
20247 1411
20263 1372
20280 1336
20296 1304
20312 1256
20329 1247
20345 1197
20361 1163
20378 1129
20394 1089
20410 1059
20427 1026
20443 986
20459 954
20476 922
20492 890
20508 853
20525 836
20541 795
20557 760
20574 754
20590 712
20606 666
20623 621
20639 601
20655 554
20672 525
20688 499
20704 462
20721 434
20737 408
20753 367
20770 341
20786 306
20802 272
20819 243
20835 228
20851 182
20868 169
20884 140
20900 140
20917 122
20933 122
20949 110
20966 96
20982 109
20999 101
21016 100
21032 108
21048 102
21065 109
21081 126
21097 108
21114 118
21130 115
21146 123
21163 97
21179 115
21195 129
21212 132
21228 153
21244 140
21261 156
21277 159
21293 181
21310 169
21326 161
21342 153
21359 178
21375 170
21391 189
21408 193
21424 213
21440 207
21457 216
21473 227
21489 236
21506 237
21522 272
21538 257
21555 276
21571 285
21587 310
21604 314
21620 331
21636 333
21653 359
21669 378
21685 374
21702 405
21718 411
21734 427
21751 449
21767 463
21783 448
21800 509
21816 515
21832 521
21849 554
21865 566
21881 593
21898 607
21914 631
21930 654
21947 676
21963 704
21979 719
21996 749
22012 767
22028 795
22045 824
22061 841
22077 868
22094 882
22110 918
22126 954
22143 970
22159 996
22175 1023
22192 1042
22208 1074
22224 1080
22241 1126
22257 1153
22273 1185
22290 1215
22306 1239
22322 1276
22339 1304
22355 1332
22371 1353
22388 1394
22404 1419
22420 1485
22437 1478
22453 1500
22469 1590
22486 1565
22502 1594
22518 1628
22535 1650
22551 1681
22567 1718
22584 1717
22600 1767
22616 1799
22633 1831
22649 1858
22665 1891
22682 1921
22698 1954
22714 1989
22731 2008
22747 2052
22763 2074
22780 2106
22796 2122
22812 2163
22829 2185
22845 2222
22861 2252
22878 2275
22894 2305
22910 2324
22927 2358
22943 2383
22959 2409
22976 2436
22993 2470
23010 2521
23026 2525
23042 2537
23059 2581
23075 2595
23091 2617
23108 2641
23124 2672
23140 2696
23157 2708
23173 2750
23189 2758
23206 2781
23222 2809
23238 2833
23255 2851
23271 2870
23287 2876
23304 2917
23320 2917
23336 2946
23353 2965
23369 2977
23385 3005
23402 3016
23418 3031
23434 3041
23451 3059
23467 3093
23483 3096
23500 3114
23516 3123
23532 3135
23549 3143
23565 3156
23581 3169
23598 3171
23614 3186
23630 3194
23647 3178
23663 3207
23679 3216
23696 3221
23712 3234
23728 3235
23745 3246
23761 3249
23777 3258
23794 3265
23810 3277
23826 3275
23843 3262
23859 3271
23875 3271
23892 3268
23908 3274
23924 3265
23941 3269
23957 3263
23973 3260
23991 3243
24007 3255
24023 3236
24040 3249
24056 3243
24072 3261
24089 3233
24105 3223
24121 3215
24138 3202
24154 3202
24170 3175
24187 3193
24203 3171
24219 3154
24236 3157
24252 3150
24268 3120
24285 3119
24301 3106
24317 3089
24334 3078
24350 3044
24366 3039
24383 3025
24399 3013
24415 3013
24432 2977
24448 2968
24464 2945
24481 2921
24497 2900
24513 2908
24530 2868
24546 2848
24562 2831
24579 2809
24595 2795
24611 2770
24628 2747
24644 2724
24660 2695
24677 2670
24693 2651
24709 2601
24726 2600
24742 2569
24758 2546
24775 2526
24791 2495
24807 2495
24824 2447
24840 2421
24856 2388
24873 2364
24889 2335
24905 2303
24922 2277
24938 2241
24954 2218
24971 2192
24988 2164
25004 2123
25021 2096
25037 2066
25053 2021
25070 2001
25086 1960
25102 1940
25119 1908
25135 1902
25151 1843
25168 1812
25184 1779
25200 1743
25217 1710
25233 1680
25249 1648
25266 1615
25282 1579
25298 1544
25315 1510
25331 1472
25347 1443
25364 1409
25380 1375
25396 1340
25413 1284
25429 1273
25445 1215
25462 1202
25478 1172
25494 1135
25511 1107
25527 1070
25543 1036
25560 1001
25576 968
25592 929
25609 898
25625 866
25641 831
25658 797
25674 769
25690 729
25707 699
25723 664
25739 629
25756 585
25772 537
25788 528
25805 491
25821 461
25837 437
25854 400
25870 386
25886 341
25903 320
25919 274
25935 259
25952 228
25968 193
25986 170
26002 143
26018 130
26035 119
26051 112
26067 102
26084 104
26100 103
26116 89
26133 103
26149 93
26165 103
26182 103
26198 131
26214 112
26231 118
26247 111
26263 123
26280 129
26296 124
26312 127
26329 162
26345 135
26361 142
26378 149
26394 143
26410 153
26427 157
26443 166
26459 166
26476 153
26492 179
26508 178
26525 198
26541 200
26557 200
26574 209
26590 234
26606 242
26623 254
26639 254
26655 263
26672 271
26688 285
26704 268
26721 310
26737 321
26753 330
26770 346
26786 361
26802 373
26819 391
26835 379
26851 421
26868 429
26884 449
26900 480
26917 487
26933 513
26949 528
26966 559
26984 559
27001 584
27017 610
27033 638
27050 649
27066 669
27082 694
27099 717
27115 742
27131 764
27148 769
27164 808
27180 822
27197 858
27213 887
27229 904
27246 943
27262 966
27278 988
27295 1011
27311 1043
27327 1069
27344 1084
27360 1124
27376 1147
27393 1177
27409 1208
27425 1231
27442 1262
27458 1288
27474 1319
27491 1344
27507 1349
27523 1426
27540 1409
27556 1455
27572 1495
27589 1517
27605 1561
27621 1588
27638 1627
27654 1635
27670 1666
27687 1705
27703 1735
27719 1765
27736 1790
27752 1820
27768 1851
27785 1875
27801 1910
27817 1937
27834 1959
27850 1995
27866 2026
27883 2058
27899 2083
27915 2105
27932 2142
27948 2168
27964 2184
27981 2210
27998 2251
28014 2286
28031 2318
28047 2332
28063 2378
28080 2394
28096 2425
28112 2450
28129 2472
28145 2503
28161 2526
28178 2553
28194 2580
28210 2586
28227 2625
28243 2637
28259 2671
28276 2683
28292 2705
28308 2751
28325 2775
28341 2801
28357 2806
28374 2829
28390 2851
28406 2867
28423 2891
28439 2903
28455 2923
28472 2945
28488 2961
28504 2971
28521 2996
28537 3010
28553 3028
28570 3013
28586 3051
28602 3065
28619 3078
28635 3097
28651 3038
28668 3124
28684 3141
28700 3158
28717 3146
28733 3157
28749 3181
28766 3176
28782 3210
28798 3199
28815 3204
28831 3212
28847 3217
28864 3225
28880 3228
28896 3231
28913 3236
28929 3241
28945 3240
28962 3242
28978 3243
28995 3245
29012 3251
29028 3250
29044 3254
29061 3252
29077 3243
29093 3234
29110 3238
29126 3236
29142 3235
29159 3227
29175 3225
29191 3218
29208 3212
29224 3210
29240 3199
29257 3192
29273 3172
29289 3175
29306 3162
29322 3148
29338 3149
29355 3128
29371 3129
29387 3116
29404 3100
29420 3089
29436 3079
29453 3061
29469 3049
29485 3028
29502 3017
29518 3001
29534 2987
29551 2968
29567 2948
29583 2932
29600 2909
29616 2898
29632 2877
29649 2862
29665 2834
29681 2812
29698 2796
29714 2772
29730 2748
29747 2737
29763 2699
29779 2702
29796 2664
29812 2645
29828 2618
29845 2591
29861 2561
29877 2539
29894 2513
29910 2492
29926 2464
29943 2439
29959 2410
29975 2383
29993 2354
30009 2319
30025 2292
30042 2274
30058 2233
30074 2213
30091 2204
30107 2164
30123 2118
30140 2096
30156 2066
30172 2005
30189 2000
30205 1967
30221 1936
30238 1907
30254 1872
30270 1842
30287 1809
30303 1860
30319 1745
30336 1712
30352 1678
30368 1640
30385 1605
30401 1578
30417 1535
30434 1526
30450 1481
30466 1452
30483 1405
30499 1376
30515 1349
30532 1311
30548 1331
30564 1242
30581 1207
30597 1178
30613 1141
30630 1108
30646 1073
30662 1035
30679 1006
30695 972
30711 927
30728 895
30744 869
30760 839
30777 792
30793 782
30809 743
30826 706
30842 670
30858 642
30875 613
30891 575
30907 541
30924 511
30940 478
30956 447
30973 417
30990 388
31007 354
31023 321
31039 284
31056 261
31072 223
31088 208
31105 178
31121 157
31137 137
31154 131
31170 133
31186 107
31203 104
31219 101
31235 100
31252 100
31268 97
31284 105
31301 103
31317 104
31333 103
31350 109
31366 114
31382 117
31399 124
31415 142
31431 127
31448 131
31464 130
31480 137
31497 150
31513 148
31529 151
31546 155
31562 157
31578 169
31595 173
31611 176
31627 137
31644 190
31660 195
31676 226
31693 214
31709 220
31725 228
31742 239
31758 265
31774 254
31791 272
31807 276
31823 293
31840 300
31856 317
31872 341
31889 337
31905 359
31921 367
31938 385
31954 400
31970 421
31988 434
32004 453
32020 468
32037 483
32053 504
32069 521
32086 542
32102 544
32118 581
32135 587
32151 620
32167 653
32184 650
32200 692
32216 714
32233 734
32249 753
32265 785
32282 802
32298 830
32314 854
32331 876
32347 903
32363 927
32380 952
32396 978
32412 1009
32429 1030
32445 998
32461 1060
32478 1109
32494 1135
32510 1160
32527 1194
32543 1224
32559 1251
32576 1281
32592 1309
32608 1336
32625 1369
32641 1388
32657 1426
32674 1453
32690 1485
32706 1510
32723 1537
32739 1571
32755 1599
32772 1633
32788 1653
32804 1694
32821 1721
32837 1742
32853 1776
32870 1804
32886 1848
32902 1868
32919 1910
32935 1929
32951 1962
32968 1990
32985 2022
33001 2052
33018 2081
33034 2107
33050 2139
33067 2162
33083 2197
33099 2235
33116 2249
33132 2282
33148 2307
33165 2311
33181 2357
33197 2374
33214 2414
33230 2443
33246 2463
33263 2497
33279 2537
33295 2553
33312 2575
33328 2568
33344 2628
33361 2643
33377 2686
33393 2692
33410 2715
33426 2742
33442 2762
33459 2783
33475 2806
33491 2823
33508 2857
33524 2843
33540 2887
33557 2904
33573 2893
33589 2949
33606 2954
33622 2979
33638 3008
33655 3007
33671 3023
33687 3047
33704 3038
33720 3074
33736 3088
33753 3101
33769 3117
33785 3126
33802 3136
33818 3152
33834 3152
33851 3157
33867 3182
33883 3189
33900 3189
33916 3203
33932 3206
33949 3222
33965 3250
33981 3236
33999 3237
34015 3245
34032 3247
34048 3251
34064 3260
34081 3256
34097 3257
34113 3259
34130 3262
34146 3272
34162 3261
34179 3254
34195 3259
34211 3258
34228 3234
34244 3251
34260 3244
34277 3240
34293 3237
34309 3230
34326 3235
34342 3225
34358 3219
34375 3213
34391 3202
34407 3197
34424 3183
34440 3177
34456 3165
34473 3155
34489 3143
34505 3134
34522 3118
34538 3117
34554 3092
34571 3090
34587 3056
34603 3050
34620 3030
34636 3021
34652 3025
34669 2990
34685 2984
34701 2957
34718 2942
34734 2919
34750 2908
34767 2884
34783 2849
34799 2846
34816 2823
34832 2810
34848 2788
34865 2761
34881 2740
34897 2708
34914 2698
34930 2676
34946 2644
34963 2613
34979 2593
34995 2573
35012 2546
35028 2517
35044 2494
35061 2472
35077 2450
35093 2403
35110 2389
35126 2361
35142 2325
35159 2307
35175 2276
35191 2245
35208 2220
35224 2178
35240 2164
35257 2120
35273 2100
35289 2064
35306 2035
35322 2004
35338 1973
35355 1936
35371 1915
35387 1874
35404 1854
35420 1826
35436 1787
35453 1751
35469 1734
35485 1691
35502 1656
35518 1630
35534 1586
35551 1552
35567 1522
35583 1489
35600 1457
35616 1424
35632 1390
35649 1347
35665 1315
35681 1279
35698 1253
35714 1208
35730 1166
35747 1151
35763 1130
35779 1087
35796 1050
35812 1009
35828 988
35845 959
35861 887
35877 883
35894 839
35910 807
35926 783
35943 741
35959 716
35975 678
35993 652
36009 587
36026 581
36042 556
36058 515
36075 486
36091 448
36107 432
36124 395
36140 373
36156 320
36173 309
36189 272
36205 246
36222 225
36238 196
36254 163
36271 148
36287 128
36303 123
36320 107
36336 104
36352 99
36369 101
36385 94
36401 95
36418 102
36434 106
36450 103
36467 125
36483 114
36499 128
36516 116
36532 121
36548 97
36565 124
36581 141
36597 140
36614 133
36630 143
36646 143
36663 152
36679 173
36695 159
36712 166
36728 176
36744 177
36761 180
36777 181
36793 197
36810 199
36826 227
36842 216
36859 236
36875 234
36891 251
36908 265
36924 281
36940 279
36957 292
36973 295
36990 312
37007 332
37023 340
37039 355
37056 372
37072 356
37088 399
37105 410
37121 425
37137 449
37154 461
37170 486
37186 504
37203 530
37219 531
37235 574
37252 584
37268 593
37284 631
37301 645
37317 661
37333 690
37350 710
37366 731
37382 753
37399 777
37415 806
37431 827
37448 847
37464 870
37480 895
37497 887
37513 944
37529 987
37546 1003
37562 1034
37578 1049
37595 1095
37611 1112
37627 1151
37644 1167
37660 1198
37676 1212
37693 1256
37709 1279
37725 1313
37742 1341
37758 1365
37774 1398
37791 1536
37807 1485
37823 1484
37840 1506
37856 1544
37872 1569
37889 1620
37905 1638
37921 1665
37938 1707
37954 1723
37970 1758
37988 1788
38004 1814
38021 1852
38037 1878
38053 1908
38070 1938
38086 1968
38102 1998
38119 2026
38135 2030
38151 2082
38168 2115
38184 2141
38200 2171
38217 2198
38233 2232
38249 2265
38266 2304
38282 2312
38298 2346
38315 2364
38331 2398
38347 2435
38364 2453
38380 2479
38396 2511
38413 2531
38429 2559
38445 2590
38462 2604
38478 2636
38494 2658
38511 2683
38527 2703
38543 2721
38560 2754
38576 2771
38592 2803
38609 2821
38625 2861
38641 2861
38658 2883
38674 2899
38690 2927
38707 2942
38723 2954
38739 2974
38756 3007
38772 2994
38788 3032
38805 3045
38821 3060
38837 3077
38854 3090
38870 3110
38886 3119
38903 3123
38919 3128
38935 3152
38952 3177
38968 3180
38985 3198
39002 3199
39018 3215
39034 3211
39051 3225
39067 3308
39083 3242
39100 3249
39116 3250
39132 3262
39149 3261
39165 3264
39181 3272
39198 3244
39214 3275
39230 3256
39247 3266
39263 3278
39279 3275
39296 3276
39312 3279
39328 3290
39345 3276
39361 3277
39377 3269
39394 3261
39410 3265
39426 3259
39443 3253
39459 3253
39475 3240
39492 3236
39508 3225
39524 3219
39541 3213
39557 3199
39573 3189
39590 3180
39606 3166
39622 3164
39639 3147
39655 3147
39671 3128
39688 3130
39704 3099
39720 3093
39737 3067
39753 3055
39769 3049
39786 3030
39802 3005
39818 2992
39835 2959
39851 2959
39867 2940
39884 2925
39900 2902
39916 2884
39933 2868
39949 2838
39965 2821
39982 2825
39999 2783
40015 2756
40032 2741
40048 2711
40064 2685
40081 2655
40097 2633
40113 2614
40130 2584
40146 2562
40162 2538
40179 2503
40195 2498
40211 2450
40228 2432
40244 2403
40260 2356
40277 2429
40293 2301
40309 2283
40326 2255
40342 2224
40358 2204
40375 2173
40391 2147
40407 2099
40424 2076
40440 2046
40456 2019
40473 1995
40489 1957
40505 1930
40522 1881
40538 1859
40554 1829
40571 1791
40587 1757
40603 1724
40620 1670
40636 1662
40652 1631
40669 1590
40685 1562
40701 1518
40718 1495
40734 1465
40750 1424
40767 1396
40783 1347
40799 1331
40816 1291
40832 1268
40848 1224
40865 1188
40881 1143
40897 1122
40914 1086
40930 1053
40946 1018
40963 988
40979 950
40996 908
41012 879
41028 843
41045 815
41061 779
41077 752
41094 724
41110 699
41126 651
41143 612
41159 586
41175 549
41192 523
41208 492
41224 449
41241 426
41257 403
41273 366
41290 333
41306 303
41322 273
41339 243
41355 216
41371 185
41388 157
41404 144
41420 122
41437 138
41453 113
41469 104
41486 100
41502 101
41518 118
41535 100
41551 104
41567 103
41584 104
41600 147
41616 107
41633 116
41649 119
41665 118
41682 125
41698 127
41714 119
41731 155
41747 133
41763 140
41780 144
41796 176
41812 158
41829 166
41845 165
41861 171
41878 177
41894 181
41910 196
41927 205
41943 204
41959 210
41976 221
41993 228
42009 238
42026 247
42042 230
42058 265
42075 281
42091 283
42107 302
42124 310
42140 332
42156 343
42173 360
42189 366
42205 387
42222 403
42238 414
42254 434
42271 449
42287 459
42303 482
42320 500
42336 522
42352 542
42369 558
42385 580
42401 599
42418 621
42434 637
42450 657
42467 696
42483 702
42499 746
42516 757
42532 778
42548 796
42565 812
42581 849
42597 878
42614 900
42630 922
42646 951
42663 974
42679 990
42695 1028
42712 1058
42728 1080
42744 1112
42761 1138
42777 1153
42793 1193
42810 1216
42826 1250
42842 1278
42859 1337
42875 1341
42891 1374
42908 1397
42924 1421
42940 1455
42957 1484
42973 1517
42990 1546
43007 1577
43023 1603
43039 1639
43056 1664
43072 1692
43088 1726
43105 1755
43121 1775
43137 1814
43154 1841
43170 1873
43186 1901
43203 1942
43219 1959
43235 1998
43252 2030
43268 2052
43284 2086
43301 2120
43317 2141
43333 2161
43350 2199
43366 2230
43382 2256
43399 2286
43415 2319
43431 2338
43448 2366
43464 2395
43480 2402
43497 2394
43513 2469
43529 2502
43546 2527
43562 2564
43578 2582
43595 2619
43611 2635
43627 2658
43644 2673
43660 2714
43676 2724
43693 2745
43709 2771
43725 2792
43742 2813
43758 2834
43774 2854
43791 2874
43807 2883
43823 2912
43840 2922
43856 2959
43872 2964
43889 2986
43905 3003
43921 3032
43938 3024
43954 3049
43970 3064
43988 3086
44004 3095
44021 3112
44037 3122
44053 3135
44070 3146
44086 3155
44102 3168
44119 3180
44135 3183
44151 3198
44168 3203
44184 3204
44200 3218
44217 3217
44233 3238
44249 3249
44266 3255
44282 3232
44298 3246
44315 3263
44331 3255
44347 3261
44364 3261
44380 3279
44396 3269
44413 3262
44429 3260
44445 3262
44462 3262
44478 3260
44494 3258
44511 3253
44527 3251
44543 3225
44560 3240
44576 3230
44592 3233
44609 3224
44625 3246
44641 3219
44658 3211
44674 3195
44690 3170
44707 3183
44723 3164
44739 3160
44756 3192
44772 3130
44788 3124
44805 3110
44821 3106
44837 3083
44854 3071
44870 3051
44886 3037
44903 3012
44919 3004
44935 2985
44952 2975
44968 2951
44985 2925
45002 2921
45018 2905
45034 2878
45051 2863
45067 2848
45083 2821
45100 2797
45116 2776
45132 2753
45149 2732
45165 2709
45181 2685
45198 2650
45214 2638
45230 2612
45247 2581
45263 2558
45279 2533
45296 2512
45312 2477
45328 2470
45345 2419
45361 2407
45377 2369
45394 2348
45410 2327
45426 2289
45443 2276
45459 2231
45475 2205
45492 2179
45508 2136
45524 2113
45541 2085
45557 2050
45573 2023
45590 1993
45606 1939
45622 1920
45639 1891
45655 1860
45671 1827
45688 1814
45704 1768
45720 1723
45737 1709
45753 1662
45769 1636
45786 1602
45802 1551
45818 1533
45835 1501
45851 1456
45867 1431
45884 1403
45900 1363
45916 1328
45933 1281
45949 1260
45965 1214
45982 1185
45999 1152
46016 1117
46032 1098
46048 1049
46065 1026
46081 992
46097 944
46114 915
46130 890
46146 853
46163 824
46179 783
46195 752
46212 718
46228 686
46244 655
46261 622
46277 586
46293 547
46310 515
46326 495
46342 453
46359 424
46375 394
46391 371
46408 334
46424 314
46440 279
46457 246
46473 218
46489 185
46506 163
46522 85
46538 125
46555 118
46571 120
46587 100
46604 101
46620 95
46636 102
46653 90
46669 87
46685 100
46702 101
46718 110
46734 105
46751 123
46767 133
46783 127
46800 125
46816 114
46832 127
46849 131
46865 140
46881 140
46898 147
46914 152
46930 156
46947 155
46963 189
46979 172
46996 172
47012 179
47028 178
47045 192
47061 199
47077 206
47094 204
47110 235
47126 237
47143 258
47159 259
47175 264
47192 276
47208 286
47224 297
47241 313
47257 326
47273 335
47290 338
47306 367
47322 376
47339 396
47355 415
47371 426
47388 437
47404 453
47420 471
47437 498
47453 513
47469 571
47486 557
47502 575
47518 587
47535 614
47551 638
47567 652
47584 679
47600 660
47616 720
47633 747
47649 768
47665 788
47682 816
47698 839
47714 861
47731 898
47747 909
47763 936
47780 953
47796 991
47812 1016
47829 1044
47845 1069
47861 1097
47878 1127
47894 1154
47910 1181
47927 1207
47943 1236
47959 1269
47976 1293
47993 1323
48009 1352
48026 1382
48042 1409
48058 1437
48075 1468
48091 1495
48107 1527
48124 1559
48140 1584
48156 1618
48173 1652
48189 1684
48205 1705
48222 1747
48238 1762
48254 1795
48271 1825
48287 1853
48303 1887
48320 1909
48336 1944
48352 1972
48369 2002
48385 2031
48401 2058
48418 2070
48434 2129
48450 2153
48467 2169
48483 2206
48499 2234
48516 2261
48532 2294
48548 2324
48565 2342
48581 2374
48597 2397
48614 2428
48630 2453
48646 2480
48663 2505
48679 2529
48695 2558
48712 2579
48728 2605
48744 2628
48761 2654
48777 2680
48793 2698
48810 2714
48826 2740
48842 2755
48859 2875
48875 2811
48891 2856
48908 2850
48924 2873
48940 2889
48957 2913
48973 2926
48991 2952
49007 2963
49023 2978
49040 2988
49056 3014
49072 3027
49089 3041
49105 3061
49121 3071
49138 3085
49154 3089
49170 3111
49187 3120
49203 3137
49219 3143
49236 3155
49252 3166
49268 3179
49285 3181
49301 3223
49317 3199
49334 3208
49350 3213
49366 3226
49383 3223
49399 3222
49415 3227
49432 3236
49448 3242
49464 3243
49481 3247
49497 3242
49513 3235
49530 3244
49546 3242
49562 3244
49579 3244
49595 3261
49611 3239
49628 3244
49644 3242
49660 3233
49677 3261
49693 3215
49709 3214
49726 3216
49742 3206
49758 3199
49775 3173
49791 3181
49807 3175
49824 3165
49840 3155
49856 3144
49873 3124
49889 3119
49905 3097
49922 3096
49938 3091
49954 3106
49971 3038
49988 3046
50004 3020
50021 3011
50037 2981
50053 2981
50070 2963
50086 2950
50102 2930
50119 2922
50135 2887
50151 2875
50168 2851
50184 2834
50200 2816
50217 2781
50233 2771
50249 2754
50266 2729
50282 2699
50298 2681
50315 2665
50331 2641
50347 2590
50364 2578
50380 2563
50396 2531
50413 2512
50429 2482
50445 2461
50462 2429
50478 2406
50494 2376
50511 2356
50527 2312
50543 2300
50560 2260
50576 2233
50592 2203
50609 2173
50625 2150
50641 2114
50658 2106
50674 2068
50690 2030
50707 1994
50723 1965
50739 1931
50756 1905
50772 1868
50788 1839
50805 1806
50821 1774
50837 1741
50854 1705
50870 1675
50886 1642
50903 1611
50919 1576
50935 1531
50952 1508
50968 1470
50986 1437
51002 1410
51018 1372
51035 1342
51051 1306
51067 1247
51084 1237
51100 1216
51116 1168
51133 1134
51149 1101
51165 1072
51182 1034
51198 1009
51214 969
51231 931
51247 897
51263 865
51280 830
51296 798
51312 764
51329 646
51345 698
51361 677
51378 638
51394 611
51410 564
51427 540
51443 512
51459 476
51476 449
51492 414
51508 383
51525 351
51541 322
51557 295
51574 284
51590 234
51606 212
51623 170
51639 169
51655 135
51672 119
51688 115
51704 102
51721 123
51737 105
51753 109
51770 101
51786 97
51802 109
51819 103
51835 109
51851 110
51868 118
51884 116
51900 116
51917 125
51933 126
51949 123
51966 140
51982 134
51999 129
52016 139
52032 149
52048 145
52065 169
52081 162
52097 176
52114 143
52130 186
52146 185
52163 195
52179 205
52195 210
52212 215
52228 227
52244 217
52261 232
52277 246
52293 264
52310 267
52326 286
52342 288
52359 301
52375 313
52391 331
52408 340
52424 364
52440 381
52457 395
52473 393
52489 424
52506 436
52522 497
52538 472
52555 480
52571 523
52587 525
52604 543
52620 562
52636 586
52653 604
52669 627
52685 640
52702 648
52718 685
52734 704
52751 739
52767 754
52783 795
52800 805
52816 829
52832 853
52849 879
52865 915
52881 929
52898 956
52914 973
52930 1001
52947 1030
52963 1059
52979 1083
52996 1121
53012 1133
53028 1168
53045 1200
53061 1231
53077 1251
53094 1274
53110 1307
53126 1334
53143 1380
53159 1404
53175 1428
53192 1458
53208 1487
53224 1522
53241 1549
53257 1578
53273 1604
53290 1629
53306 1669
53322 1692
53339 1720
53355 1754
53371 1782
53388 1815
53404 1841
53420 1863
53437 1903
53453 1927
53469 1979
53486 1989
53502 2031
53518 2052
53535 2074
53551 2115
53567 2134
53584 2172
53600 2188
53616 2228
53633 2246
53649 2287
53665 2308
53682 2336
53698 2364
53714 2392
53731 2420
53747 2443
53763 2471
53780 2484
53796 2519
53812 2555
53829 2571
53845 2598
53861 2617
53878 2653
53894 2673
53910 2700
53927 2720
53943 2737
53959 2763
53976 2781
53993 2806
54010 2829
54026 2850
54042 2899
54059 2889
54075 2905
54091 2933
54108 2944
54124 2972
54140 2980
54157 2990
54173 3008
54189 3027
54206 3059
54222 3069
54238 3081
54255 3097
54271 3103
54287 3115
54304 3124
54320 3141
54336 3163
54353 3157
54369 3175
54385 3182
54402 3193
54418 3212
54434 3208
54451 3216
54467 3223
54483 3223
54500 3233
54516 3245
54532 3241
54549 3243
54565 3265
54581 3259
54598 3273
54614 3256
54630 3260
54647 3272
54663 3260
54679 3266
54696 3259
54712 3260
54728 3264
54745 3255
54761 3247
54777 3256
54794 3244
54810 3244
54826 3238
54843 3220
54859 3212
54875 3225
54892 3208
54908 3201
54924 3186
54941 3195
54957 3178
54973 3170
54991 3169
55007 3152
55023 3127
55040 3122
55056 3113
55072 3100
55089 3084
55105 3069
55121 3062
55138 3038
55154 3027
55170 3008
55187 3002
55203 2978
55219 2950
55236 2943
55252 2922
55268 2911
55285 2892
55301 2849
55317 2854
55334 2824
55350 2806
55366 2772
55383 2760
55399 2747
55415 2710
55432 2697
55448 2668
55464 2649
55481 2625
55497 2599
55513 2577
55530 2550
55546 2512
55562 2499
55579 2469
55595 2445
55611 2413
55628 2400
55644 2365
55660 2337
55677 2296
55693 2267
55709 2256
55726 2218
55742 2190
55758 2165
55775 2130
55791 2102
55807 2045
55824 2031
55840 2010
55856 1969
55873 1947
55889 1913
55905 1872
55922 1846
55938 1822
55954 1783
55971 1751
55988 1718
56004 1695
56021 1653
56037 1624
56053 1574
56070 1552
56086 1517
56102 1481
56119 1446
56135 1420
56151 1383
56168 1353
56184 1312
56200 1281
56217 1251
56233 1214
56249 1162
56266 1145
56282 1104
56298 1077
56315 1042
56331 1029
56347 981
56364 947
56380 916
56396 871
56413 851
56429 812
56445 779
56462 748
56478 705
56494 780
56511 646
56527 619
56543 584
56560 550
56576 519
56592 486
56609 450
56625 473
56641 390
56658 364
56674 345
56690 315
56707 275
56723 248
56739 222
56756 193
56772 160
56788 150
56805 130
56821 132
56837 103
56854 107
56870 103
56886 84
56903 103
56919 99
56935 100
56952 103
56968 97
56986 98
57002 112
57018 108
57035 127
57051 122
57067 96
57084 127
57100 131
57116 117
57133 128
57149 140
57165 149
57182 148
57198 171
57214 159
57231 162
57247 174
57263 176
57280 184
57296 187
57312 197
57329 213
57345 200
57361 221
57378 225
57394 254
57410 250
57427 257
57443 270
57459 269
57476 297
57492 285
57508 324
57525 333
57541 334
57557 356
57574 365
57590 384
57606 402
57623 410
57639 434
57655 461
57672 458
57688 488
57704 530
57721 522
57737 540
57753 570
57770 581
57786 603
57802 621
57819 648
57835 669
57851 685
57868 709
57884 728
57900 749
57917 779
57933 806
57949 824
57966 853
57984 880
58001 904
58017 920
58033 868
58050 977
58066 1026
58082 1044
58099 1052
58115 1096
58131 1116
58148 1144
58164 1173
58180 1202
58197 1229
58213 1258
58229 1288
58246 1312
58262 1341
58278 1374
58295 1385
58311 1430
58327 1463
58344 1480
58360 1522
58376 1545
58393 1580
58409 1609
58425 1651
58442 1675
58458 1705
58474 1729
58491 1762
58507 1792
58523 1821
58540 1852
58556 1880
58572 1905
58589 1944
58605 1967
58621 1996
58638 2033
58654 2059
58670 2086
58687 2122
58703 2105
58719 2175
58736 2205
58752 2235
58768 2262
58785 2290
58801 2325
58817 2350
58834 2368
58850 2406
58866 2434
58883 2456
58899 2486
58915 2510
58932 2535
58948 2566
58964 2610
58981 2616
58998 2639
59014 2729
59031 2687
59047 2713
59063 2724
59080 2746
59096 2782
59112 2800
59129 2841
59145 2888
59161 2873
59178 2902
59194 2910
59210 2929
59227 2945
59243 2963
59259 2985
59276 2987
59292 3017
59308 3027
59325 3047
59341 3067
59357 3079
59374 3089
59390 3110
59406 3108
59423 3136
59439 3145
59455 3157
59472 3168
59488 3192
59504 3194
59521 3194
59537 3215
59553 3218
59570 3229
59586 3234
59602 3239
59619 3251
59635 3253
59651 3264
59668 3262
59684 3263
59700 3271
59717 3272
59733 3278
59749 3279
59766 3264
59782 3275
59798 3274
59815 3276
59831 3288
59847 3275
59864 3284
59880 3277
59896 3274
59913 3273
59929 3265
59945 3261
59962 3246
59978 3248
59995 3243
60012 3234
60028 3221
60044 3222
60061 3212
60077 3203
60093 3186
60110 3162
60126 3169
60142 3154
60159 3147
60175 3138
60191 3129
60208 3122
60224 3103
60240 3089
60257 3080
60273 3018
60289 3039
60306 3001
60322 3021
60338 2991
60355 2974
60371 2956
60387 2928
60404 2918
60420 2897
60436 2879
60453 2861
60469 2822
60485 2817
60502 2781
60518 2777
60534 2750
60551 2723
60567 2711
60583 2685
60600 2689
60616 2631
60632 2610
60649 2586
60665 2555
60681 2534
60698 2504
60714 2480
60730 2469
60747 2425
60763 2399
60779 2378
60796 2342
60812 2317
60828 2281
60845 2253
60861 2219
60877 2192
60894 2167
60910 2130
60926 2115
60943 2066
60959 2051
60975 2019
60993 1979
61009 1958
61025 1929
61042 1856
61058 1851
61074 1818
61091 1780
61107 1754
61123 1719
61140 1689
61156 1648
61172 1599
61189 1584
61205 1543
61221 1509
61238 1486
61254 1457
61270 1420
61287 1385
61303 1360
61319 1321
61336 1287
61352 1235
61368 1211
61385 1189
61401 1147
61417 1108
61434 1066
61450 1041
61466 1012
61483 974
61499 941
61515 905
61532 860
61548 851
61564 814
61581 765
61597 730
61613 701
61630 677
61646 622
61662 614
61679 581
61695 544
61711 514
61728 478
61744 447
61760 418
61777 385
61793 354
61809 323
61826 291
61842 262
61858 211
61875 205
61891 180
61907 144
61924 134
61940 118
61956 113
61973 101
61990 142
62007 102
62023 97
62039 126
62056 103
62072 104
62088 106
62105 106
62121 112
62137 112
62154 109
62170 120
62186 121
62203 126
62219 128
62235 121
62252 135
62268 128
62284 145
62301 142
62317 160
62333 151
62350 167
62366 116
62382 174
62399 185
62415 191
62431 192
62448 203
62464 204
62480 211
62497 223
62513 222
62529 240
62546 252
62562 262
62578 271
62595 266
62611 292
62627 310
62644 320
62660 327
62676 354
62693 366
62709 372
62725 401
62742 400
62758 418
62774 437
62791 463
62807 489
62823 489
62840 511
62856 532
62872 546
62889 567
62905 584
62921 607
62938 604
62954 644
62970 661
62988 704
63004 709
63020 753
63037 769
63053 784
63069 806
63086 836
63102 857
63118 801
63135 906
63151 934
63167 957
63184 987
63200 1017
63216 1039
63233 1068
63249 1096
63265 1123
63282 1148
63298 1165
63314 1203
63331 1222
63347 1257
63363 1284
63380 1336
63396 1350
63412 1361
63429 1412
63445 1438
63461 1467
63478 1475
63494 1535
63510 1552
63527 1582
63543 1612
63559 1642
63576 1666
63592 1703
63608 1731
63625 1770
63641 1791
63657 1813
63674 1848
63690 1886
63706 1910
63723 1941
63739 1965
63755 2008
63772 2034
63788 2061
63804 2087
63821 2119
63837 2148
63853 2178
63870 2207
63886 2226
63902 2263
63919 2286
63935 2324
63951 2346
63968 2374
63985 2401
64001 2404
64018 2453
64034 2474
64050 2506
64067 2511
64083 2575
64099 2586
64116 2595
64132 2633
64148 2657
64165 2682
64181 2705
64197 2726
64214 2749
64230 2770
64246 2786
64263 2815
64279 2836
64295 2859
64312 2881
64328 2897
64344 2914
64361 2933
64377 2952
64393 2970
64410 2987
64426 3005
64442 3049
64459 3038
64475 3053
64491 3067
64508 3080
64524 3094
64540 3106
64557 3118
64573 3112
64589 3145
64606 3153
64622 3167
64638 3176
64655 3186
64671 3194
64687 3203
64704 3210
64720 3216
64736 3227
64753 3239
64769 3237
64785 3240
64802 3245
64818 3249
64834 3251
64851 3255
64867 3257
64883 3255
64900 3263
64916 3259
64932 3261
64949 3263
64965 3258
64981 3255
64999 3255
65015 3250
65032 3271
65048 3240
65064 3253
65081 3233
65097 3233
65113 3224
65130 3218
65146 3173
65162 3224
65179 3189
65195 3194
65211 3174
65228 3167
65244 3155
65260 3145
65277 3139
65293 3122
65309 3112
65326 3091
65342 3084
65358 3075
65375 3056
65391 3046
65407 3028
65424 3005
65440 2991
65456 2979
65473 2961
65489 2946
65505 2941
65522 2911
65538 2893
65554 2868
65571 2848
65587 2833
65603 2809
65620 2790
65636 2769
65652 2742
65669 2718
65685 2700
65701 2678
65718 2651
65734 2629
65750 2604
65767 2577
65783 2537
65799 2524
65816 2498
65832 2475
65848 2450
65865 2422
65881 2399
65897 2375
65914 2342
65930 2307
65946 2267
65963 2244
65979 2224
65995 2196
66012 2154
66028 2137
66044 2102
66061 2075
66077 2039
66093 2002
66110 1982
66126 1949
66142 1896
66159 1882
66175 1834
66191 1819
66208 1785
66224 1767
66240 1725
66257 1691
66273 1653
66289 1621
66306 1585
66322 1557
66338 1518
66355 1492
66371 1461
66387 1418
66404 1390
66420 1355
66436 1314
66453 1283
66469 1278
66485 1217
66502 1169
66518 1147
66534 1102
66551 1078
66567 1047
66583 1006
66600 1006
66616 941
66632 916
66649 883
66665 838
66681 816
66698 764
66714 743
66730 713
66747 676
66763 647
66779 607
66796 579
66812 552
66828 509
66845 486
66861 452
66877 416
66894 384
66910 369
66926 321
66943 292
66959 270
66975 239
66993 212
67009 178
67026 157
67042 155
67059 125
67075 114
67092 105
67108 102
67124 98
67141 95
67157 116
67174 102
67190 96
67207 83
67223 168
67239 108
67256 129
67272 99
67289 119
67305 113
67322 129
67338 129
67354 133
67371 134
67387 143
67404 142
67420 150
67437 155
67453 156
67469 109
67486 168
67502 162
67519 183
67535 175
67552 194
67568 190
67584 208
67601 218
67617 235
67634 230
67650 255
67667 250
67683 264
67699 269
67716 283
67732 300
67749 298
67765 318
67782 365
67798 347
67814 360
67831 361
67847 386
67864 414
67880 422
67897 462
67913 458
67929 477
67946 490
67962 449
67979 528
67995 548
68012 562
68028 587
68045 597
68061 627
68078 650
68094 669
68110 692
68127 702
68143 750
68160 757
68176 778
68193 810
68209 830
68225 860
68242 885
68258 905
68275 913
68291 960
68308 983
68324 1013
68340 1038
68357 1068
68373 1089
68390 1123
68406 1149
68423 1174
68439 1208
68455 1223
68472 1256
68488 1281
68505 1317
68521 1379
68538 1378
68554 1407
68570 1440
68587 1464
68603 1496
68620 1522
68636 1553
68653 1581
68669 1611
68685 1646
68702 1670
68718 1703
68735 1729
68751 1763
68768 1791
68784 1819
68800 1849
68817 1875
68833 1888
68850 1935
68866 1972
68883 2003
68899 2028
68915 2074
68932 2091
68948 2113
68965 2150
68981 2181
68999 2205
69015 2203
69032 2260
69048 2289
69065 2305
69081 2349
69097 2370
69114 2395
69130 2430
69147 2449
69163 2479
69180 2508
69196 2528
69212 2558
69229 2590
69245 2602
69262 2634
69278 2658
69295 2681
69311 2701
69327 2724
69344 2756
69360 2767
69377 2787
69393 2782
69410 2834
69426 2850
69442 2865
69459 2890
69475 2922
69492 2932
69508 2949
69525 2966
69541 2982
69557 2999
69574 3013
69590 3025
69607 3043
69623 3058
69640 3072
69656 3076
69672 3098
69689 3119
69705 3125
69722 3121
69738 3145
69755 3155
69771 3169
69787 3172
69804 3198
69820 3209
69837 3205
69853 3208
69870 3215
69886 3208
69902 3227
69919 3230
69935 3236
69952 3238
69968 3239
69986 3242
70002 3246
70019 3234
70035 3245
70051 3240
70068 3279
70084 3240
70101 3252
70117 3244
70134 3244
70150 3227
70166 3235
70183 3233
70199 3219
70216 3226
70232 3221
70249 3211
70265 3202
70281 3196
70298 3183
70314 3180
70331 3166
70347 3165
70364 3141
70380 3135
70396 3126
70413 3125
70429 3108
70446 3094
70462 3075
70479 3057
70495 3068
70511 3033
70528 3016
70544 3003
70561 2989
70577 2971
70594 2959
70610 2934
70626 2921
70643 2900
70659 2864
70676 2863
70692 2834
70709 2823
70725 2798
70741 2789
70758 2760
70774 2752
70791 2714
70807 2697
70824 2676
70840 2648
70856 2623
70873 2597
70889 2576
70906 2545
70922 2525
70939 2482
70955 2474
70971 2441
70989 2370
71005 2388
71022 2351
71038 2331
71055 2304
71071 2295
71088 2241
71104 2213
71120 2193
71137 2151
71153 2123
71170 2091
71186 2086
71203 2035
71219 2007
71235 1972
71252 1940
71268 1907
71285 1881
71301 1850
71318 1806
71334 1782
71350 1745
71367 1721
71383 1688
71400 1655
71416 1621
71433 1590
71449 1548
71465 1514
71482 1483
71498 1455
71515 1414
71531 1385
71548 1345
71564 1314
71580 1278
71597 1222
71613 1211
71630 1176
71646 1144
71663 1109
71679 1086
71695 1045
71712 1021
71728 964
71745 941
71761 913
71778 868
71794 839
71810 806
71827 777
71843 746
71860 710
71876 671
71893 643
71909 608
71925 564
71942 540
71958 507
71975 482
71992 446
72009 427
72025 379
72042 351
72058 329
72074 281
72091 251
72107 232
72124 208
72140 194
72157 159
72173 135
72189 123
72206 116
72222 111
72239 103
72255 95
72272 97
72288 97
72304 108
72321 107
72337 114
72354 103
72370 115
72387 116
72403 120
72419 120
72436 123
72452 128
72469 76
72485 130
72502 134
72518 136
72534 144
72551 144
72567 142
72584 154
72600 164
72617 178
72633 176
72649 170
72666 189
72682 202
72699 200
72715 211
72732 220
72748 221
72764 233
72781 253
72797 253
72814 260
72830 272
72847 278
72863 277
72879 306
72896 314
72912 332
72929 343
72945 363
72962 377
72978 381
72996 415
73012 413
73028 427
73045 451
73061 470
73078 491
73094 513
73111 527
73127 549
73143 574
73160 572
73176 607
73193 628
73209 652
73226 674
73242 700
73258 719
73275 704
73291 766
73308 787
73324 812
73341 840
73357 859
73373 884
73390 919
73406 935
73423 971
73439 982
73456 1021
73472 1047
73488 1064
73505 1097
73521 1122
73538 1155
73554 1176
73571 1214
73587 1242
73603 1271
73620 1311
73636 1322
73653 1356
73669 1389
73686 1413
73702 1430
73718 1474
73735 1503
73751 1537
73768 1563
73784 1612
73801 1593
73817 1655
73833 1675
73850 1714
73866 1740
73883 1785
73899 1804
73916 1834
73932 1857
73948 1905
73965 1913
73981 1957
73999 1990
74015 2014
74032 2046
74048 2077
74065 2103
74081 2136
74097 2162
74114 2194
74130 2225
74147 2250
74163 2273
74180 2313
74196 2338
74212 2365
74229 2385
74245 2417
74262 2447
74278 2474
74295 2489
74311 2519
74327 2547
74344 2570
74360 2600
74377 2614
74393 2647
74410 2674
74426 2683
74442 2723
74459 2734
74475 2766
74492 2774
74508 2816
74525 2832
74541 2855
74557 2876
74574 2875
74590 2910
74607 2930
74623 2950
74640 2968
74656 2987
74672 3001
74689 3019
74705 3035
74722 3049
74738 3064
74755 3048
74771 3086
74787 3106
74804 3121
74820 3144
74837 3147
74853 3161
74870 3167
74886 3171
74902 3188
74919 3195
74935 3200
74952 3212
74968 3223
74986 3238
75002 3233
75019 3241
75035 3244
75051 3253
75068 3237
75084 3254
75101 3259
75117 3263
75134 3267
75150 3266
75166 3267
75183 3271
75199 3267
75216 3264
75232 3266
75249 3271
75265 3263
75281 3257
75298 3253
75314 3248
75331 3246
75347 3243
75364 3213
75380 3229
75396 3217
75413 3214
75429 3203
75446 3204
75462 3191
75479 3183
75495 3165
75511 3158
75528 3146
75544 3136
75561 3130
75577 3110
75594 3105
75610 3084
75626 3069
75643 3053
75659 3034
75676 3025
75692 3009
75709 2990
75725 2972
75741 2956
75758 2935
75774 2900
75791 2904
75807 2904
75824 2860
75840 2843
75856 2823
75873 2804
75889 2777
75906 2750
75922 2735
75939 2709
75955 2687
75971 2666
75989 2621
76005 2610
76022 2582
76038 2564
76055 2533
76071 2521
76088 2489
76104 2461
76120 2431
76137 2408
76153 2380
76170 2357
76186 2322
76203 2292
76219 2263
76235 2229
76252 2204
76268 2171
76285 2145
76301 2112
76318 2082
76334 2057
76350 2019
76367 1985
76383 1966
76400 1924
76416 1895
76433 1861
76449 1831
76465 1799
76482 1764
76498 1740
76515 1698
76531 1668
76548 1625
76564 1598
76580 1566
76597 1530
76613 1499
76630 1453
76646 1428
76663 1392
76679 1378
76695 1323
76712 1306
76728 1267
76745 1229
76761 1192
76778 1164
76794 1123
76810 1092
76827 1054
76843 1020
76860 988
76876 954
76893 925
76909 888
76925 854
76942 833
76958 785
76975 758
76992 719
77009 689
77025 656
77042 639
77058 589
77074 558
77091 522
77107 493
77124 554
77140 429
77157 399
77173 360
77189 339
77206 306
77222 278
77239 246
77255 218
77272 188
77288 166
77304 160
77321 129
77337 126
77354 113
77370 109
77387 102
77403 104
77419 100
77436 103
77452 100
77469 144
77485 106
77502 108
77518 108
77534 110
77551 118
77567 101
77584 122
77600 119
77617 132
77633 133
77649 144
77666 139
77682 133
77699 161
77715 151
77732 169
77748 157
77764 174
77781 174
77797 183
77814 191
77830 199
77847 206
77863 212
77879 221
77896 226
77912 236
77929 241
77945 258
77962 264
77978 287
77996 293
78012 306
78028 313
78045 338
78061 344
78078 355
78094 372
78111 388
78127 401
78143 418
78160 436
78176 465
78193 458
78209 481
78226 502
78242 524
78258 538
78275 618
78291 595
78308 602
78324 621
78341 652
78357 670
78373 695
78390 716
78406 742
78423 763
78439 785
78456 810
78472 832
78488 861
78505 882
78521 905
78538 940
78554 960
78571 991
78587 1024
78603 1042
78620 1073
78636 1081
78653 1114
78669 1157
78686 1177
78702 1218
78718 1234
78735 1267
78751 1290
78768 1326
78784 1353
78801 1385
78817 1413
78833 1463
78850 1466
78866 1495
78883 1530
78899 1555
78916 1598
78932 1611
78948 1658
78965 1685
78981 1714
78999 1746
79015 1777
79032 1810
79048 1837
79065 1857
79081 1895
79097 1932
79114 1957
79130 1961
79147 2016
79163 2045
79180 2078
79196 2139
79212 2144
79229 2159
79245 2197
79262 2224
79278 2244
79295 2275
79311 2310
79327 2306
79344 2368
79360 2393
79377 2421
79393 2451
79410 2474
79426 2504
79442 2487
79459 2558
79475 2573
79492 2604
79508 2628
79525 2659
79541 2684
79557 2705
79574 2724
79590 2751
79607 2776
79623 2790
79640 2816
79656 2839
79672 2862
79689 2882
79705 2899
79722 2921
79738 2940
79755 2997
79771 2953
79787 2992
79804 3008
79820 3035
79837 3041
79853 3066
79870 3079
79886 3092
79902 3106
79919 3120
79935 3134
79952 3142
79968 3157
79986 3171
80002 3177
80019 3189
80035 3200
80051 3208
80068 3183
80084 3226
80101 3227
80117 3237
80134 3244
80150 3264
80166 3259
80183 3267
80199 3266
80216 3270
80232 3273
80249 3253
80265 3285
80281 3279
80298 3286
80314 3278
80331 3279
80347 3277
80364 3277
80380 3276
80396 3259
80413 3260
80429 3261
80446 3263
80462 3256
80479 3256
80495 3261
80511 3236
80528 3233
80544 3220
80561 3217
80577 3200
80594 3200
80610 3191
80626 3183
80643 3169
80659 3159
80676 3046
80692 3138
80709 3124
80725 3106
80741 3104
80758 3083
80774 3080
80791 3067
80807 3003
80824 3026
80840 3002
80856 2988
80873 2966
80889 2953
80906 2933
80922 2912
80939 2891
80955 2873
80971 2854
80989 2837
81005 2811
81022 2793
81038 2775
81055 2743
81071 2717
81088 2695
81104 2672
81120 2650
81137 2618
81153 2597
81170 2662
81186 2547
81203 2519
81219 2510
81235 2469
81252 2439
81268 2413
81285 2383
81301 2362
81318 2330
81334 2323
81350 2269
81367 2243
81383 2211
81400 2181
81416 2154
81433 2120
81449 2088
81465 2052
81482 2025
81498 1996
81515 1962
81531 1948
81548 1897
81564 1867
81580 1832
81597 1810
81613 1768
81630 1735
81646 1704
81663 1676
81679 1635
81695 1603
81712 1567
81728 1492
81745 1505
81761 1460
81778 1430
81794 1398
81810 1369
81827 1329
81843 1295
81860 1253
81876 1224
81893 1193
81909 1157
81925 1153
81942 1090
81958 1059
81975 1005
81992 976
82009 950
82025 911
82042 828
82058 853
82074 815
82091 760
82107 748
82124 711
82140 683
82157 645
82173 615
82189 586
82206 551
82222 529
82239 483
82255 453
82272 391
82288 390
82304 358
82321 325
82337 296
82354 282
82370 261
82387 210
82403 181
82419 163
82436 139
82452 125
82469 133
82485 109
82502 97
82518 109
82534 101
82551 96
82567 93
82584 104
82600 92
82617 106
82633 105
82649 109
82666 113
82682 122
82699 123
82715 126
82732 127
82748 132
82764 136
82781 141
82797 105
82814 147
82830 149
82847 156
82863 163
82879 165
82896 175
82912 177
82929 113
82945 201
82962 193
82978 197
82996 211
83012 244
83028 229
83045 236
83061 234
83078 239
83094 275
83111 227
83127 298
83143 303
83160 323
83176 330
83193 349
83209 359
83226 376
83242 379
83258 401
83275 421
83291 421
83308 446
83324 477
83341 484
83357 511
83373 529
83390 547
83406 560
83423 586
83439 612
83456 629
83472 649
83488 686
83505 693
83521 757
83538 719
83554 761
83571 778
83587 811
83603 832
83620 866
83636 887
83653 912
83669 933
83686 961
83702 986
83718 1016
83735 1040
83751 1076
83768 1098
83784 1124
83801 1148
83817 1187
83833 1198
83850 1237
83866 1270
83883 1293
83899 1319
83916 1351
83932 1379
83948 1415
83965 1440
83981 1474
83999 1504
84015 1508
84032 1562
84048 1592
84065 1623
84081 1656
84097 1706
84114 1717
84130 1742
84147 1772
84163 1805
84180 1829
84196 1851
84212 1903
84229 1918
84245 1963
84262 1984
84278 2013
84295 2042
84311 2069
84327 2134
84344 2129
84360 2159
84377 2191
84393 2216
84410 2244
84426 2275
84442 2343
84459 2340
84475 2328
84492 2386
84508 2408
84525 2437
84541 2467
84557 2504
84574 2514
84590 2547
84607 2554
84623 2600
84640 2617
84656 2644
84672 2668
84689 2692
84705 2713
84722 2737
84738 2763
84755 2759
84771 2803
84787 2834
84804 2835
84820 2859
84837 2881
84853 2905
84870 2919
84886 2954
84902 2973
84919 2979
84935 2994
84952 3014
84968 3025
84986 3044
85002 3060
85019 3074
85035 3087
85051 3101
85068 3100
85084 3127
85101 3129
85117 3146
85134 3153
85150 3172
85166 3178
85183 3196
85199 3201
85216 3208
85232 3209
85249 3239
85265 3226
85281 3234
85298 3239
85314 3243
85331 3252
85347 3248
85364 3257
85380 3254
85396 3258
85413 3262
85429 3259
85446 3254
85462 3253
85479 3260
85495 3239
85511 3257
85528 3242
85544 3232
85561 3248
85577 3245
85594 3226
85610 3235
85626 3217
85643 3219
85659 3206
85676 3132
85692 3195
85709 3184
85725 3179
85741 3144
85758 3156
85774 3140
85791 3134
85807 3121
85824 3122
85840 3101
85856 3092
85873 3070
85889 3055
85906 3046
85922 3034
85939 3004
85955 3001
85971 2981
85989 2951
86005 2942
86022 2928
86038 2892
86055 2885
86071 2859
86088 2847
86104 2824
86120 2810
86137 2790
86153 2769
86170 2861
86186 2723
86203 2691
86219 2674
86235 2650
86252 2620
86268 2603
86285 2577
86301 2566
86318 2520
86334 2495
86350 2471
86367 2450
86383 2410
86400 2381
86416 2363
86433 2328
86449 2310
86465 2280
86482 2244
86498 2220
86515 2196
86531 2154
86548 2117
86564 2101
86580 2067
86597 2034
86613 2002
86630 1969
86646 1937
86663 1909
86679 1844
86695 1845
86712 1809
86728 1822
86745 1743
86761 1721
86778 1676
86794 1658
86810 1606
86827 1571
86843 1549
86860 1511
86876 1468
86893 1439
86909 1411
86925 1374
86942 1341
86958 1303
86975 1272
86992 1233
87009 1195
87025 1164
87042 1132
87058 1110
87074 1065
87091 1036
87107 999
87124 958
87140 922
87157 896
87173 859
87189 817
87206 801
87222 733
87239 726
87255 691
87272 661
87288 627
87304 581
87321 558
87337 524
87354 497
87370 459
87387 440
87403 404
87419 377
87436 339
87452 313
87469 280
87485 244
87502 220
87518 193
87534 171
87551 144
87567 131
87584 116
87600 110
87617 102
87633 103
87649 107
87666 93
87682 119
87699 112
87715 108
87732 97
87748 115
87764 106
87781 115
87797 121
87814 115
87830 119
87847 127
87863 124
87879 131
87896 134
87912 142
87929 145
87945 126
87962 137
87978 154
87996 159
88012 170
88028 177
88045 198
88061 180
88078 196
88094 209
88111 194
88127 209
88143 223
88160 233
88176 245
88193 256
88209 266
88226 280
88242 271
88258 297
88275 304
88291 325
88308 333
88324 361
88341 365
88357 390
88373 399
88390 411
88406 430
88423 444
88439 448
88456 479
88472 505
88488 518
88505 539
88521 555
88538 578
88554 597
88571 626
88587 636
88603 653
88620 688
88636 703
88653 735
88669 756
88686 785
88702 790
88718 816
88735 855
88751 862
88768 891
88784 926
88801 942
88817 971
88833 1002
88850 1027
88866 1054
88883 1050
88899 1121
88916 1135
88932 1162
88948 1190
88965 1231
88981 1249
88999 1282
89015 1313
89032 1371
89048 1370
89065 1399
89081 1423
89097 1452
89114 1482
89130 1515
89147 1542
89163 1571
89180 1600
89196 1631
89212 1654
89229 1691
89245 1720
89262 1764
89278 1786
89295 1841
89311 1844
89327 1873
89344 1906
89360 1934
89377 1955
89393 1985
89410 2023
89426 2050
89442 2049
89459 2106
89475 2140
89492 2170
89508 2186
89525 2218
89541 2242
89557 2280
89574 2307
89590 2340
89607 2366
89623 2400
89640 2418
89656 2433
89672 2471
89689 2497
89705 2514
89722 2550
89738 2577
89755 2597
89771 2625
89787 2644
89804 2668
89820 2692
89837 2718
89853 2733
89870 2759
89886 2781
89902 2816
89919 2829
89935 2841
89952 2866
89968 2887
89986 2909
90002 2923
90019 2943
90035 2965
90051 2992
90068 3000
90084 3001
90101 3025
90117 3042
90134 3046
90150 3064
90166 3079
90183 3094
90199 3103
90216 3123
90232 3135
90249 3133
90265 3160
90281 3176
90298 3164
90314 3184
90331 3185
90347 3201
90364 3201
90380 3216
90396 3218
90413 3224
90429 3228
90446 3213
90462 3233
90479 3227
90495 3243
90511 3239
90528 3258
90544 3246
90561 3266
90577 3240
90594 3245
90610 3250
90626 3247
90643 3241
90659 3232
90676 3225
90692 3231
90709 3230
90725 3217
90741 3217
90758 3211
90774 3210
90791 3195
90807 3177
90824 3182
90840 3168
90856 3174
90873 3155
90889 3151
90906 3140
90922 3113
90939 3110
90955 3110
90971 3084
90989 3071
91005 3061
91022 3041
91038 3030
91055 3012
91071 2985
91088 2977
91104 2955
91120 2948
91137 2923
91153 2911
91170 2891
91186 2869
91203 2857
91219 2841
91235 2810
91252 2793
91268 2768
91285 2751
91301 2734
91318 2697
91334 2679
91350 2655
91367 2637
91383 2607
91400 2572
91416 2549
91433 2533
91449 2502
91465 2495
91482 2456
91498 2426
91515 2392
91531 2376
91548 2339
91564 2318
91580 2286
91597 2255
91613 2231
91630 2198
91646 2173
91663 2141
91679 2106
91695 2082
91712 2037
91728 1989
91745 1980
91761 1958
91778 1921
91794 1915
91810 1864
91827 1829
91843 1798
91860 1768
91876 1732
91893 1708
91909 1661
91925 1630
91942 1604
91958 1562
91975 1534
91992 1497
92009 1442
92025 1427
92042 1399
92058 1365
92074 1323
92091 1302
92107 1260
92124 1227
92140 1190
92157 1158
92173 1123
92189 1090
92206 1057
92222 1046
92239 989
92255 955
92272 918
92288 884
92304 853
92321 821
92337 778
92354 750
92370 716
92387 687
92403 652
92419 626
92436 604
92452 561
92469 520
92485 493
92502 461
92518 436
92534 396
92551 368
92567 343
92584 306
92600 277
92617 246
92633 219
92649 198
92666 163
92682 143
92699 123
92715 112
92732 116
92748 107
92764 103
92781 111
92797 105
92814 98
92830 102
92847 104
92863 105
92879 112
92896 109
92912 111
92929 124
92945 120
92962 153
92978 134
92996 127
93012 129
93028 150
93045 143
93061 150
93078 170
93094 157
93111 162
93127 166
93143 131
93160 176
93176 183
93193 188
93209 195
93226 202
93242 212
93258 222
93275 216
93291 233
93308 239
93324 259
93341 264
93357 286
93373 293
93390 304
93406 315
93423 328
93439 347
93456 358
93472 370
93488 387
93505 400
93521 353
93538 432
93554 448
93571 468
93587 487
93603 499
93620 517
93636 539
93653 559
93669 591
93686 602
93702 641
93718 641
93735 668
93751 690
93768 710
93784 736
93801 753
93817 782
93833 811
93850 826
93866 853
93883 881
93899 903
93916 921
93932 952
93948 974
93965 1009
93981 1042
93999 1047
94015 1120
94032 1122
94048 1149
94065 1175
94081 1205
94097 1231
94114 1263
94130 1289
94147 1316
94163 1343
94180 1375
94196 1434
94212 1413
94229 1463
94245 1487
94262 1524
94278 1552
94295 1584
94311 1630
94327 1698
94344 1672
94360 1712
94377 1737
94393 1774
94410 1804
94426 1827
94442 1835
94459 1888
94475 1921
94492 1944
94508 1976
94525 2006
94541 2029
94557 2062
94574 2090
94590 2124
94607 2155
94623 2186
94640 2213
94656 2241
94672 2275
94689 2305
94705 2314
94722 2360
94738 2380
94755 2412
94771 2435
94787 2460
94804 2493
94820 2518
94837 2544
94853 2551
94870 2586
94886 2609
94902 2641
94919 2662
94935 2699
94952 2716
94968 2756
94986 2765
95002 2782
95019 2806
95035 2825
95051 2850
95068 2871
95084 2901
95101 2908
95117 2926
95134 2948
95150 2937
95166 2977
95183 2989
95199 3015
95216 3028
95232 3066
95249 3068
95265 3088
95281 3094
95298 3110
95314 3122
95331 3132
95347 3147
95364 3153
95380 3166
95396 3181
95413 3190
95429 3193
95446 3204
95462 3218
95479 3212
95495 3219
95511 3229
95528 3240
95544 3251
95561 3261
95577 3257
95594 3265
95610 3263
95626 3267
95643 3267
95659 3268
95676 3278
95692 3269
95709 3271
95725 3265
95741 3269
95758 3266
95774 3264
95791 3260
95807 3256
95824 3245
95840 3248
95856 3231
95873 3261
95889 3232
95906 3230
95922 3228
95939 3211
95955 3203
95971 3193
95989 3189
96005 3172
96022 3156
96038 3155
96055 3141
96071 3129
96088 3114
96104 3100
96120 3085
96137 3073
96153 3059
96170 3082
96186 3034
96203 3017
96219 2990
96235 2984
96252 2965
96268 2944
96285 2928
96301 2879
96318 2891
96334 2869
96350 2848
96367 2829
96383 2807
96400 2788
96416 2830
96433 2738
96449 2713
96465 2706
96482 2668
96498 2660
96515 2620
96531 2601
96548 2578
96564 2552
96580 2523
96597 2497
96613 2473
96630 2441
96646 2415
96663 2389
96679 2359
96695 2331
96712 2302
96728 2289
96745 2244
96761 2212
96778 2176
96794 2169
96810 2124
96827 2100
96843 2067
96860 2036
96876 2003
96893 1972
96909 1938
96925 1909
96942 1876
96958 1844
96975 1812
96992 1773
97009 1745
97025 1710
97042 1690
97058 1641
97074 1598
97091 1577
97107 1539
97124 1517
97140 1463
97157 1452
97173 1413
97189 1377
97206 1339
97222 1294
97239 1274
97255 1239
97272 1203
97288 1169
97304 1138
97321 1101
97337 1068
97354 1002
97370 1001
97387 956
97403 931
97419 897
97436 880
97452 833
97469 809
97485 765
97502 733
97518 697
97534 667
97551 633
97567 600
97584 568
97600 531
97617 501
97633 471
97649 466
97666 411
97682 378
97699 345
97715 319
97732 286
97748 252
97764 230
97781 193
97797 177
97814 150
97830 149
97847 120
97863 118
97879 106
97896 105
97912 107
97929 101
97945 97
97962 91
97978 103
97996 102
98012 106
98028 106
98045 110
98061 116
98078 116
98094 120
98111 119
98127 130
98143 121
98160 134
98176 139
98193 151
98209 150
98226 152
98242 157
98258 158
98275 158
98291 178
98308 187
98324 182
98341 195
98357 199
98373 203
98390 203
98406 222
98423 232
98439 239
98456 252
98472 259
98488 286
98505 285
98521 276
98538 308
98554 319
98571 337
98587 351
98603 369
98620 360
98636 396
98653 406
98669 421
98686 443
98702 455
98718 486
98735 499
98751 524
98768 542
98784 554
98801 578
98817 596
98833 620
98850 635
98866 663
98883 675
98899 707
98916 728
98932 755
98948 769
98965 795
98981 825
98999 859
99015 935
99032 901
99048 929
99065 958
99081 981
99097 1009
99114 1033
99130 1062
99147 1091
99163 1115
99180 1144
99196 1168
99212 1200
99229 1230
99245 1265
99262 1278
99278 1312
99295 1345
99311 1373
99327 1404
99344 1438
99360 1463
99377 1493
99393 1524
99410 1549
99426 1587
99442 1634
99459 1643
99475 1673
99492 1704
99508 1731
99525 1779
99541 1792
99557 1797
99574 1853
99590 1872
99607 1913
99623 2035
99640 1993
99656 2004
99672 2051
99689 2066
99705 2094
99722 2128
99738 2145
99755 2201
99771 2202
99787 2245
99804 2268
99820 2287
99837 2327
99853 2355
99870 2383
99886 2400
99902 2435
99919 2459
99935 2493
99952 2511
99968 2549
99986 2574
100002 2594
100019 2630
100035 2646
100051 2674
100068 2692
100084 2720
100101 2742
100117 2672
100134 2790
100150 2822
100166 2826
100183 2845
100199 2871
100216 2884
100232 2914
100249 2954
100265 2957
100281 2976
100298 2990
100314 3011
100331 3022
100347 3038
100364 3055
100380 3070
100396 3084
100413 3095
100429 3114
100446 3136
100462 3136
100479 3141
100495 3129
100511 3171
100528 3181
100544 3189
100561 3204
100577 3240
100594 3225
100610 3228
100626 3239
100643 3245
100659 3250
100676 3259
100692 3260
100709 3267
100725 3268
100741 3280
100758 3265
100774 3274
100790 3277
100806 3282
100823 3290
100839 3279
100855 3282
100872 3274
100888 3266
100904 3270
100920 3269
100937 3271
100953 3263
100969 3260
100987 3252
101003 3248
101019 3270
101035 3238
101052 3231
101068 3220
101084 3219
101101 3207
101117 3195
101133 3199
101149 3173
101166 3145
101182 3156
101198 3142
101215 3148
101231 3115
101247 3088
101263 3091
101280 3070
101296 3057
101312 3053
101329 3031
101345 3016
101361 2993
101377 2981
101394 2962
101410 2946
101426 2923
101443 2899
101459 2887
101475 2869
101491 2845
101508 2823
101524 2806
101540 2780
101557 2758
101573 2733
101589 2713
101605 2688
101622 2662
101638 2639
101654 2620
101671 2597
101687 2582
101703 2551
101719 2519
101736 2492
101752 2459
101768 2428
101785 2408
101801 2382
101817 2358
101833 2327
101850 2296
101866 2270
101882 2235
101899 2213
101915 2195
101931 2153
101947 2126
101964 2099
101980 2046
101998 2020
102014 2010
102030 1958
102046 1945
102063 1903
102079 1867
102095 1834
102112 1802
102128 1775
102144 1736
102160 1708
102177 1666
102193 1636
102209 1606
102226 1572
102242 1536
102258 1504
102274 1473
102291 1434
102307 1401
102323 1377
102340 1327
102356 1301
102372 1262
102388 1228
102405 1200
102421 1161
102437 1144
102454 1099
102470 1064
102486 1034
102502 998
102519 967
102535 930
102551 884
102568 859
102584 829
102600 793
102616 766
102633 729
102649 691
102665 660
102682 624
102698 598
102714 566
102730 510
102747 501
102763 462
102779 351
102796 406
102812 369
102828 353
102844 311
102861 290
102877 266
102893 227
102910 195
102926 173
102942 146
102958 134
102975 121
102992 109
103008 100
103025 108
103041 124
103057 100
103074 101
103090 88
103106 107
103122 75
103139 104
103155 112
103171 97
103188 123
103204 117
103220 131
103236 120
103253 132
103269 119
103285 145
103302 135
103318 152
103334 147
103350 155
103367 193
103383 162
103399 169
103416 167
103432 181
103448 191
103464 214
103481 174
103497 208
103513 208
103530 220
103546 241
103562 235
103578 256
103595 272
103611 279
103627 281
103644 293
103660 315
103676 316
103692 333
103709 349
103725 353
103741 378
103758 394
103774 405
103790 425
103806 430
103823 454
103839 474
103855 501
103872 505
103888 523
103904 542
103920 566
103937 580
103953 601
103969 633
103987 643
104003 680
104019 695
104035 711
104052 747
104068 763
104084 782
104101 805
104117 832
104133 858
104149 879
104166 907
104182 929
104198 963
104215 980
104231 1000
104247 1048
104263 1060
104280 1092
104296 1120
104312 1141
104329 1176
104345 1206
104361 1237
104377 1259
104394 1284
104410 1313
104426 1347
104443 1371
104459 1397
104475 1424
104491 1461
104508 1493
104524 1514
104540 1551
104557 1580
104573 1638
104589 1641
104605 1667
104622 1703
104638 1724
104654 1752
104671 1787
104687 1816
104703 1828
104719 1886
104736 1915
104752 1928
104768 1959
104785 2007
104801 2019
104817 2049
104833 2098
104850 2107
104866 2132
104882 2170
104899 2198
104915 2217
104931 2255
104947 2281
104964 2311
104980 2342
104998 2365
105014 2365
105030 2422
105046 2448
105063 2478
105079 2503
105095 2529
105112 2569
105128 2571
105144 2575
105160 2636
105177 2640
105193 2670
105209 2703
105226 2710
105242 2746
105258 2762
105274 2784
105291 2808
105307 2825
105323 2853
105340 2849
105356 2887
105372 2898
105388 2922
105405 2937
105421 2963
105437 2977
105454 3007
105470 3012
105486 3029
105502 3048
105519 3061
105535 3076
105551 3081
105568 3102
105584 3120
105600 3131
105616 3135
105633 3148
105649 3158
105665 3171
105682 3179
105698 3187
105714 3196
105730 3205
105747 3202
105763 3211
105779 3200
105796 3225
105812 3235
105828 3236
105844 3262
105861 3250
105877 3253
105893 3271
105910 3247
105926 3261
105942 3260
105958 3271
105975 3259
105992 3260
106008 3256
106025 3251
106041 3234
106057 3246
106074 3245
106090 3254
106106 3203
106122 3225
106139 3222
106155 3211
106171 3214
106188 3203
106204 3210
106220 3196
106236 3182
106253 3164
106269 3165
106285 3161
106302 3139
106318 3124
106334 3113
106350 3091
106367 3088
106383 3076
106399 3066
106416 3051
106432 3032
106448 3016
106464 3005
106481 2987
106497 2956
106513 2949
106530 2920
106546 2886
106562 2896
106578 2872
106595 2869
106611 2833
106627 2818
106644 2795
106660 2784
106676 2720
106692 2721
106709 2702
106725 2688
106741 2664
106758 2636
106774 2618
106790 2587
106806 2557
106823 2539
106839 2512
106855 2487
106872 2462
106888 2422
106904 2405
106920 2366
106937 2313
106953 2323
106969 2291
106987 2271
107003 2229
107019 2205
107035 2181
107052 2159
107068 2117
107084 2077
107101 2049
107117 2017
107133 1990
107149 1960
107166 1931
107182 1900
107198 1864
107215 1836
107231 1803
107247 1761
107263 1739
107280 1682
107296 1667
107312 1640
107329 1600
107345 1578
107361 1533
107377 1504
107394 1475
107410 1441
107426 1422
107443 1330
107459 1324
107475 1298
107491 1261
107508 1235
107524 1206
107540 1177
107557 1130
107573 1098
107589 1065
107605 1033
107622 996
107638 953
107654 931
107671 884
107687 857
107703 828
107719 788
107736 762
107752 729
107768 705
107785 666
107801 637
107817 560
107833 570
107850 538
107866 473
107882 466
107899 441
107915 415
107931 376
107947 347
107964 316
107980 284
107998 244
108014 216
108030 196
108046 170
108063 151
108079 130
108095 126
108112 115
108128 106
108144 104
108160 101
108177 102
108193 137
108209 103
108226 103
108242 144
108258 108
108274 117
108291 113
108307 116
108323 120
108340 135
108356 126
108372 129
108388 148
108405 130
108421 133
108437 144
108454 149
108470 148
108486 162
108502 168
108519 167
108535 172
108551 180
108568 176
108584 195
108600 202
108616 207
108633 216
108649 222
108665 233
108682 236
108698 254
108714 271
108730 271
108747 284
108763 293
108779 300
108796 317
108812 322
108828 343
108844 356
108861 384
108877 390
108893 407
108910 420
108926 434
108942 453
108958 463
108975 483
108992 509
109008 525
109025 552
109041 526
109057 584
109074 605
109090 623
109106 645
109122 666
109139 685
109155 708
109171 726
109188 751
109204 781
109220 832
109236 834
109253 853
109269 887
109285 908
109302 927
109318 952
109334 978
109350 1007
109367 1029
109383 1059
109399 1085
109416 1110
109432 1132
109448 1168
109464 1192
109481 1221
109497 1263
109513 1259
109530 1304
109546 1329
109562 1357
109578 1395
109595 1417
109611 1459
109627 1484
109644 1505
109660 1540
109676 1565
109692 1598
109709 1626
109725 1656
109741 1702
109758 1715
109774 1747
109790 1775
109806 1806
109823 1833
109839 1866
109855 1892
109872 1926
109888 1955
109904 1965
109920 2007
109937 2035
109953 2067
109969 2105
109987 2135
110003 2159
110019 2195
110035 2216
110052 2244
110068 2273
110084 2291
110101 2330
110117 2350
110133 2380
110149 2413
110166 2433
110182 2394
110198 2487
110215 2513
110231 2539
110247 2563
110263 2558
110280 2605
110296 2633
110312 2655
110329 2688
110345 2701
110361 2741
110377 2758
110394 2777
110410 2802
110426 2816
110443 2835
110459 2863
110475 2876
110491 2889
110508 2913
110524 2933
110540 2952
110557 2969
110573 2997
110589 2995
110605 3015
110622 3030
110638 3046
110654 3050
110671 3070
110687 3074
110703 3100
110719 3115
110736 3125
110752 3133
110768 3143
110785 3164
110801 3169
110817 3178
110833 3187
110850 3192
110866 3201
110882 3206
110899 3216
110915 3217
110931 3231
110947 3232
110964 3234
110980 3238
110998 3241
111014 3247
111030 3248
111046 3229
111063 3252
111079 3251
111095 3247
111112 3255
111128 3248
111144 3245
111160 3244
111177 3242
111193 3244
111209 3232
111226 3237
111242 3227
111258 3219
111274 3213
111291 3210
111307 3200
111323 3192
111340 3196
111356 3172
111372 3169
111388 3160
111405 3133
111421 3136
111437 3118
111454 3110
111470 3100
111486 3082
111502 3078
111519 3067
111535 3049
111551 3032
111568 3017
111584 3005
111600 2984
111616 2968
111633 2954
111649 2943
111665 2915
111682 2898
111698 2876
111714 2859
111730 2841
111747 2819
111763 2799
111779 2768
111796 2757
111812 2729
111828 2708
111844 2689
111861 2664
111877 2639
111893 2626
111910 2562
111926 2573
111942 2539
111958 2535
111975 2509
111992 2471
112008 2435
112025 2413
112041 2380
112057 2354
112074 2331
112090 2298
112106 2270
112122 2244
112139 2218
112155 2173
112171 2161
112188 2120
112204 2095
112220 2065
112236 2030
112253 2012
112269 1975
112285 1937
112302 1931
112318 1880
112334 1849
112350 1816
112367 1784
112383 1750
112399 1717
112416 1691
112432 1654
112448 1616
112464 1583
112481 1553
112497 1518
112513 1488
112530 1454
112546 1400
112562 1383
112578 1347
112595 1314
112611 1283
112627 1278
112644 1226
112660 1188
112676 1152
112692 1110
112709 1085
112725 1052
112741 1015
112758 985
112774 949
112790 916
112806 881
112823 849
112839 813
112855 785
112872 749
112888 720
112904 689
112920 643
112937 586
112953 587
112969 552
112987 518
113003 501
113019 457
113035 412
113052 402
113068 365
113084 342
113101 300
113117 245
113133 248
113149 218
113166 200
113182 167
113198 138
113215 132
113231 120
113247 110
113263 110
113280 103
113296 98
113312 96
113329 92
113345 104
113361 102
113377 133
113394 115
113410 99
113426 122
113443 94
113459 119
113475 128
113491 122
113508 131
113524 134
113540 135
113557 143
113573 147
113589 143
113605 156
113622 158
113638 173
113654 175
113671 150
113687 181
113703 185
113719 139
113736 203
113752 208
113768 221
113785 232
113801 227
113817 259
113833 256
113850 259
113866 278
113882 285
113899 287
113915 313
113931 321
113947 338
113964 350
113980 367
113998 381
114014 396
114030 385
114046 420
114063 439
114079 456
114095 479
114112 485
114128 533
114144 535
114160 561
114177 573
114193 592
114209 613
114226 634
114242 652
114258 678
114274 695
114291 719
114307 745
114323 765
114340 791
114356 811
114372 841
114388 865
114405 889
114421 914
114437 942
114454 952
114470 994
114486 1018
114502 1042
114519 1065
114535 1097
114551 1126
114568 1155
114584 1182
114600 1210
114616 1238
114633 1270
114649 1284
114665 1324
114682 1356
114698 1381
114714 1411
114730 1438
114747 1468
114763 1499
114779 1515
114796 1558
114812 1572
114828 1619
114844 1644
114861 1679
114877 1705
114893 1738
114910 1783
114926 1808
114942 1826
114958 1865
114975 1884
114992 1914
115008 1946
115025 1981
115041 2007
115057 2038
115074 2066
115090 2091
115106 2126
115122 2151
115139 2182
115155 2204
115171 2242
115188 2264
115204 2300
115220 2324
115236 2353
115253 2381
115269 2419
115285 2436
115302 2467
115318 2487
115334 2512
115350 2541
115367 2563
115383 2589
115399 2617
115416 2648
115432 2660
115448 2686
115464 2703
115481 2734
115497 2769
115513 2776
115530 2801
115546 2857
115562 2829
115578 2863
115595 2871
115611 2900
115627 2922
115644 2937
115660 2968
115676 2981
115692 2999
115709 3011
115725 3025
115741 3045
115758 3066
115774 3075
115790 3089
115806 3128
115823 3116
115839 3130
115855 3140
115872 3149
115888 3166
115904 3172
115920 3183
115937 3214
115953 3188
115969 3207
115987 3219
116003 3221
116019 3245
116035 3243
116052 3247
116068 3251
116084 3254
116101 3260
116117 3384
116133 3263
116149 3270
116166 3269
116182 3272
116198 3269
116215 3272
116231 3273
116247 3283
116263 3270
116280 3268
116296 3253
116312 3251
116329 3258
116345 3243
116361 3249
116377 3247
116394 3234
116410 3235
116426 3224
116443 3174
116459 3213
116475 3201
116491 3192
116508 3182
116524 3176
116540 3164
116557 3148
116573 3142
116589 3130
116605 3116
116622 3107
116638 3088
116654 3076
116671 3064
116687 3046
116703 3012
116719 3014
116736 2995
116752 2982
116768 2966
116785 2974
116801 2935
116817 2916
116833 2897
116850 2859
116866 2844
116882 2836
116899 2823
116915 2794
116931 2774
116947 2744
116964 2721
116980 2695
116998 2677
117014 2666
117030 2628
117046 2601
117063 2582
117079 2549
117095 2517
117112 2499
117128 2472
117144 2501
117160 2427
117177 2400
117193 2350
117209 2341
117226 2316
117242 2280
117258 2258
117274 2241
117291 2194
117307 2163
117323 2137
117340 2111
117356 2065
117372 2042
117388 2010
117405 1982
117421 1951
117437 1891
117454 1881
117470 1848
117486 1816
117502 1791
117519 1636
117535 1734
117551 1695
117568 1663
117584 1627
117600 1590
117616 1560
117633 1523
117649 1471
117665 1462
117682 1427
117698 1389
117714 1356
117730 1325
117747 1295
117763 1258
117779 1219
117796 1189
117812 1162
117828 1111
117844 1083
117861 1043
117877 1018
117893 987
117910 939
117926 926
117942 884
117958 861
117975 819
117992 783
118008 749
118025 719
118041 688
118057 649
118074 621
118090 580
118106 561
118122 518
118139 492
118155 461
118171 431
118188 385
118204 369
118220 330
118236 305
118253 278
118269 247
118285 229
118302 197
118318 173
118334 150
118350 132
118367 124
118383 105
118399 105
118416 134
118432 100
118448 100
118464 101
118481 103
118497 113
118513 106
118530 118
118546 122
118562 116
118578 100
118595 116
118611 131
118627 122
118644 129
118660 127
118676 166
118692 139
118709 161
118725 144
118741 155
118758 162
118774 163
118790 167
118806 183
118823 186
118839 192
118855 191
118872 199
118888 198
118904 222
118920 226
118937 223
118953 246
118969 246
118987 277
119003 277
119019 284
119035 304
119052 313
119068 310
119084 336
119101 355
119117 388
119133 384
119149 398
119166 403
119182 429
119198 446
119215 468
119231 477
119247 498
119263 516
119280 532
119296 551
119312 573
119329 579
119345 608
119361 633
119377 654
119394 677
119410 697
119426 728
119443 735
119459 782
119475 791
119491 840
119508 848
119524 858
119540 888
119557 913
119573 934
119589 981
119605 995
119622 1017
119638 1036
119654 1073
119671 1099
119687 1129
119703 1157
119719 1171
119736 1212
119752 1225
119768 1267
119785 1298
119801 1326
119817 1364
119833 1385
119850 1414
119866 1442
119882 1472
119899 1502
119915 1518
119931 1570
119947 1596
119964 1615
119980 1658
119998 1687
120014 1721
120030 1741
120046 1777
120063 1803
120079 1822
120095 1868
120112 1887
120128 1922
120144 1953
120160 1982
120177 2018
120193 2044
120209 2078
120226 2110
120242 2127
120258 2163
120274 2189
120291 2204
120307 2249
120323 2288
120340 2304
120356 2331
120372 2356
120388 2390
120405 2413
120421 2439
120437 2441
120454 2495
120470 2510
120486 2543
120502 2563
120519 2571
120535 2621
120551 2673
120568 2674
120584 2699
120600 2721
120616 2735
120633 2771
120649 2783
120665 2816
120682 2837
120698 2850
120714 2868
120730 2888
120747 2911
120763 2923
120779 2984
120796 2963
120812 2985
120828 3002
120844 3004
120861 3036
120877 3048
120893 3059
120910 3097
120926 3092
120942 3122
120958 3127
120975 3135
120992 3145
121008 3164
121025 3172
121041 3182
121057 3192
121074 3195
121090 3211
121106 3218
121122 3223
121139 3234
121155 3238
121171 3245
121188 3253
121204 3245
121220 3248
121236 3262
121253 3261
121269 3276
121285 3271
121302 3287
121318 3267
121334 3279
121350 3278
121367 3273
121383 3287
121399 3269
121416 3260
121432 3269
121448 3259
121464 3252
121481 3259
121497 3254
121513 3246
121530 3244
121546 3237
121562 3229
121578 3222
121595 3200
121611 3201
121627 3185
121644 3182
121660 3177
121676 3161
121692 3171
121709 3146
121725 3129
121741 3130
121758 3102
121774 3091
121790 3081
121806 3095
121823 3047
121839 3038
121855 3015
121872 3002
121888 2983
121904 2965
121920 2951
121937 2918
121953 2912
121969 2889
121987 2882
122003 2844
122019 2832
122035 2804
122052 2805
122068 2764
122084 2746
122101 2724
122117 2710
122133 2680
122149 2647
122166 2617
122182 2602
122198 2577
122215 2547
122231 2526
122247 2493
122263 2469
122280 2446
122296 2403
122312 2391
122329 2361
122345 2320
122361 2304
122377 2272
122394 2243
122410 2218
122426 2182
122443 2185
122459 2132
122475 2099
122491 2067
122508 2038
122524 2000
122540 1971
122557 1948
122573 1910
122589 1875
122605 1845
122622 1821
122638 1778
122654 1750
122671 1714
122687 1680
122703 1647
122719 1614
122736 1560
122752 1557
122768 1518
122785 1473
122801 1449
122817 1409
122833 1380
122850 1344
122866 1315
122882 1277
122899 1236
122915 1216
122931 1182
122947 1140
122964 1108
122980 1076
122998 1027
123014 1014
123030 967
123046 933
123063 894
123079 867
123095 824
123112 800
123128 761
123144 737
123160 700
123177 666
123193 645
123209 604
123226 588
123242 535
123258 508
123274 490
123291 450
123307 419
123323 380
123340 343
123356 321
123372 292
123388 259
123405 231
123421 202
123437 179
123454 159
123470 137
123486 111
123502 115
123519 262
123535 101
123551 99
123568 96
123584 104
123600 103
123616 104
123633 95
123649 116
123665 112
123682 121
123698 115
123714 105
123730 117
123747 126
123763 128
123779 181
123796 135
123812 144
123828 134
123844 149
123861 148
123877 138
123893 159
123910 181
123926 159
123942 175
123958 210
123975 196
123992 203
124008 185
124025 217
124041 221
124057 221
124074 240
124090 245
124106 264
124122 260
124139 279
124155 294
124171 304
124188 314
124204 331
124220 339
124236 360
124253 368
124269 377
124285 401
124302 416
124318 427
124334 453
124350 472
124367 493
124383 504
124399 534
124416 430
124432 555
124448 581
124464 602
124481 611
124497 644
124513 661
124530 683
124546 732
124562 734
124578 745
124595 777
124611 797
124627 813
124644 847
124660 868
124676 902
124692 912
124709 961
124725 976
124741 1000
124758 1026
124774 1053
124790 1083
124806 1210
124823 1135
124839 1163
124855 1196
124872 1217
124888 1256
124904 1276
124920 1306
124937 1342
124953 1359
124969 1391
124987 1373
125003 1451
125019 1474
125035 1508
125052 1537
125068 1566
125084 1604
125101 1632
125117 1660
125133 1685
125149 1717
125166 1743
125182 1778
125198 1801
125215 1835
125231 1866
125247 1908
125263 1927
125280 1953
125296 1979
125312 2012
125329 2044
125345 2074
125361 2102
125377 2119
125394 2154
125410 2184
125426 2215
125443 2246
125459 2285
125475 2302
125491 2338
125508 2357
125524 2382
125540 2411
125557 2437
125573 2461
125589 2488
125605 2514
125622 2541
125638 2569
125654 2592
125671 2615
125687 2643
125703 2664
125719 2686
125736 2710
125752 2728
125768 2748
125785 2773
125801 2794
125817 2821
125833 2840
125850 2879
125866 2884
125882 2905
125899 2921
125915 2938
125931 2958
125947 2974
125964 2991
125980 3007
125998 3022
126014 3040
126030 3054
126046 3068
126063 3084
126079 3095
126095 3110
126112 3107
126128 3132
126144 3142
126160 3147
126177 3166
126193 3174
126209 3190
126226 3196
126242 3190
126258 3210
126274 3215
126291 3224
126307 3227
126323 3229
126340 3241
126356 3242
126372 3246
126388 3250
126405 3253
126421 3256
126437 3259
126454 3252
126470 3255
126486 3255
126502 3238
126519 3277
126535 3255
126551 3246
126568 3247
126584 3239
126600 3240
126616 3217
126633 3223
126649 3226
126665 3219
126682 3214
126698 3204
126714 3197
126730 3194
126747 3181
126763 3170
126779 3172
126796 3152
126812 3140
126828 3125
126844 3117
126861 3105
126877 3091
126893 3069
126910 3067
126926 3037
126942 3033
126958 3021
126975 3000
126992 2974
127008 2975
127025 2947
127041 2936
127057 2917
127074 2900
127090 2875
127106 2862
127122 2841
127139 2820
127155 2798
127171 2777
127188 2757
127204 2734
127220 2711
127236 2691
127253 2654
127269 2643
127285 2610
127302 2587
127318 2573
127334 2540
127350 2522
127367 2499
127383 2458
127399 2439
127416 2401
127432 2385
127448 2354
127464 2330
127481 2299
127497 2270
127513 2241
127530 2216
127546 2145
127562 2156
127578 2127
127595 2090
127611 2064
127627 2028
127644 2015
127660 1966
127676 1926
127692 1907
127709 1873
127725 1832
127741 1821
127758 1783
127774 1745
127790 1712
127806 1685
127823 1649
127839 1614
127855 1579
127872 1542
127888 1514
127904 1483
127920 1449
127937 1405
127953 1385
127969 1345
127987 1293
128003 1269
128019 1241
128035 1207
128052 1171
128068 1139
128084 1101
128101 1076
128117 1043
128133 1013
128149 973
128166 942
128182 902
128198 866
128215 838
128231 802
128247 755
128263 739
128280 703
128296 667
128312 638
128329 604
128345 573
128361 543
128377 509
128394 485
128410 442
128426 407
128443 379
128459 350
128475 311
128491 307
128508 267
128524 236
128540 204
128557 182
128573 158
128589 138
128605 114
128622 116
128638 106
128654 106
128671 100
128687 99
128703 101
128719 111
128736 95
128752 108
128768 111
128785 95
128801 109
128817 109
128833 127
128850 105
128866 139
128882 146
128899 133
128915 135
128931 146
128947 149
128964 151
128980 157
128998 158
129014 158
129030 168
129046 166
129063 171
129079 183
129095 189
129112 199
129128 203
129144 203
129160 218
129177 225
129193 232
129209 244
129226 272
129242 275
129258 291
129274 304
129291 304
129307 308
129323 328
129340 340
129356 355
129372 372
129388 385
129405 399
129421 415
129437 426
129454 451
129470 465
129486 482
129502 499
129519 521
129535 531
129551 549
129568 568
129584 597
129600 614
129616 647
129633 666
129649 697
129665 711
129682 726
129698 741
129714 775
129730 795
129747 820
129763 870
129779 910
129796 894
129812 920
129828 939
129844 966
129861 993
129877 1020
129893 1048
129910 1059
129926 1101
129942 1124
129958 1151
129975 1186
129992 1219
130008 1252
130025 1262
130041 1304
130057 1338
130074 1352
130090 1392
130106 1417
130122 1443
130139 1470
130155 1503
130171 1530
130188 1556
130204 1592
130220 1617
130236 1649
130253 1681
130269 1699
130285 1742
130302 1746
130318 1795
130334 1829
130350 1853
130367 1893
130383 1918
130399 1945
130416 1978
130432 2008
130448 2036
130464 2061
130481 2091
130497 2122
130513 2151
130530 2179
130546 2206
130562 2236
130578 2260
130595 2291
130611 2318
130627 2321
130644 2375
130660 2392
130676 2426
130692 2444
130709 2480
130725 2508
130741 2528
130758 2564
130774 2584
130790 2613
130806 2580
130823 2657
130839 2680
130855 2696
130872 2724
130888 2746
130904 2763
130920 2788
130937 2807
130953 2831
130969 2851
130987 2879
131003 2893
131019 2917
131035 2935
131052 2935
131068 2967
131084 2981
131101 3001
131117 2998
131133 3029
131149 3046
131166 3058
131182 3074
131198 3089
131215 3113
131231 3114
131247 3123
131263 3138
131280 3150
131296 3155
131312 3167
131329 3179
131345 3186
131361 3195
131377 3202
131394 3209
131410 3221
131426 3223
131443 3234
131459 3229
131475 3234
131491 3240
131508 3242
131524 3254
131540 3245
131557 3258
131573 3250
131589 3257
131605 3256
131622 3255
131638 3248
131654 3251
131671 3247
131687 3243
131703 3239
131719 3238
131736 3233
131752 3232
131768 3246
131785 3212
131801 3224
131817 3204
131833 3200
131850 3190
131866 3184
131882 3185
131899 3162
131915 3155
131931 3143
131947 3130
131964 3121
131980 3107
131998 3095
132014 3081
132030 3067
132046 3053
132063 3034
132079 3025
132095 3014
132112 2993
132128 2978
132144 2958
132160 2946
132177 2920
132193 2896
132209 2886
132226 2866
132242 2845
132258 2828
132274 2814
132291 2784
132307 2760
132323 2743
132340 2723
132356 2697
132372 2675
132388 2650
132405 2624
132421 2605
132437 2578
132454 2553
132470 2527
132486 2504
132502 2475
132519 2451
132535 2423
132551 2383
132568 2361
132584 2336
132600 2312
132616 2282
132633 2266
132649 2213
132665 2202
132682 2170
132698 2130
132714 2109
132730 2079
132747 2048
132763 2017
132779 1947
132796 1945
132812 1924
132828 1907
132844 1859
132861 1831
132877 1798
132893 1766
132910 1725
132926 1691
132942 1651
132958 1611
132975 1598
132992 1577
133008 1532
133025 1444
133041 1464
133057 1429
133074 1394
133090 1355
133106 1325
133122 1297
133139 1241
133155 1228
133171 1196
133188 1159
133204 1126
133220 1095
133236 1057
133253 1021
133269 995
133285 930
133302 919
133318 887
133334 853
133350 825
133367 788
133383 774
133399 727
133416 703
133432 663
133448 627
133464 609
133481 566
133497 536
133513 497
133530 471
133546 439
133562 412
133578 376
133595 349
133611 322
133627 286
133644 259
133660 230
133676 117
133692 177
133709 142
133725 123
133741 122
133758 113
133774 114
133790 106
133806 119
133823 103
133839 104
133855 101
133872 107
133888 105
133904 107
133920 111
133937 114
133953 128
133969 118
133987 114
134003 126
134019 131
134035 110
134052 128
134068 137
