2 615
55 587
71 569
87 547
104 530
120 498
136 492
153 447
169 451
185 421
202 398
218 379
234 358
251 343
267 313
283 293
300 273
316 251
332 231
349 211
365 193
381 174
398 160
414 131
430 120
447 125
463 120
479 115
496 124
512 113
528 113
545 116
561 111
577 118
594 118
610 120
626 122
643 122
659 127
675 131
692 122
708 133
724 132
741 150
757 140
773 142
790 146
806 142
822 160
839 153
855 177
871 175
888 171
904 184
920 170
937 176
953 193
969 197
987 200
1003 200
1019 205
1036 216
1052 219
1068 244
1085 232
1101 227
1117 238
1134 249
1150 256
1166 271
1183 271
1199 280
1215 293
1232 299
1248 313
1264 324
1281 330
1297 340
1313 350
1330 355
1346 369
1362 378
1379 387
1395 399
1411 428
1428 419
1444 436
1460 445
1477 443
1493 465
1509 475
1526 493
1542 498
1558 536
1575 526
1591 546
1607 563
1624 575
1640 550
1656 614
1673 613
1689 627
1705 641
1722 656
1738 673
1754 673
1771 735
1787 715
1803 731
1820 742
1836 767
1852 772
1869 781
1885 806
1901 822
1918 852
1934 858
1950 869
1967 891
1984 905
2000 918
2017 935
2033 951
2049 966
2066 973
2082 999
2098 1016
2115 1029
2131 1048
2147 1062
2164 1065
2180 1091
2196 1111
2213 1123
2229 1142
2245 1156
2262 1191
2278 1193
2294 1209
2311 1221
2327 1145
2343 1255
2360 1266
2376 1285
2392 1296
2409 1312
2425 1329
2441 1343
2458 1402
2474 1374
2490 1389
2507 1410
2523 1416
2539 1430
2556 1444
2572 1458
2588 1463
2605 1485
2621 1499
2637 1513
2654 1527
2670 1478
2686 1539
2703 1566
2719 1587
2735 1587
2752 1598
2768 1614
2784 1622
2801 1634
2817 1648
2833 1658
2850 1660
2866 1674
2882 1687
2899 1704
2915 1706
2931 1714
2948 1726
2964 1734
2980 1744
2998 1751
3014 1758
3031 1769
3047 1770
3063 1779
3080 1789
3096 1797
3112 1800
3129 1815
3145 1651
3161 1818
3178 1822
3194 1827
3210 1828
3227 1836
3243 1841
3259 1838
3276 1862
3292 1854
3308 1855
3325 1855
3341 1867
3357 1855
3374 1862
3390 1862
3406 1862
3423 1864
3439 1867
3455 1858
3472 1863
3488 1867
3504 1860
3521 1861
3537 1883
3553 1853
3570 1852
3586 1853
3602 1834
3619 1834
3635 1835
3651 1832
3668 1828
3684 1833
3700 1817
3717 1826
3733 1808
3749 1801
3766 1797
3782 1789
3798 1773
3815 1773
3831 1766
3847 1756
3864 1746
3880 1739
3896 1728
3913 1719
3929 1713
3945 1700
3962 1683
3978 1676
3995 1666
4012 1650
4028 1654
4044 1633
4061 1621
4077 1612
4093 1590
4110 1575
4126 1568
4142 1556
4159 1542
4175 1529
4191 1513
4208 1500
4224 1482
4240 1465
4257 1449
4273 1449
4289 1409
4306 1398
4322 1391
4338 1367
4355 1381
4371 1332
4387 1322
4404 1291
4420 1285
4436 1267
4453 1246
4469 1235
4485 1209
4502 1198
4518 1164
4534 1165
4551 1139
4567 1116
4583 1105
4600 1076
4616 1056
4632 1035
4649 1014
4665 886
4681 972
4698 950
4714 934
4730 911
4747 883
4763 876
4779 866
4796 857
4812 812
4828 793
4845 769
4861 752
4877 726
4894 705
4910 683
4926 662
4943 630
4959 617
4975 599
4993 565
5009 554
5026 535
5042 510
5058 490
5075 464
5091 451
5107 419
5124 406
5140 386
5156 365
5173 342
5189 322
5205 299
5222 284
5238 261
5254 243
5271 218
5287 196
5303 178
5320 175
5336 158
5352 136
5369 138
5385 125
5401 119
5418 115
5434 112
5450 123
5467 113
5483 0
5499 117
5516 118
5532 121
5548 124
5565 128
5581 124
5597 127
5614 102
5630 135
5646 137
5663 143
5679 142
5695 148
5712 145
5728 148
5744 176
5761 148
5777 161
5793 160
5810 175
5826 177
5842 181
5859 179
5875 190
5891 192
5908 194
5924 217
5940 206
5957 211
5973 221
5990 227
6007 225
6023 235
6039 234
6056 240
6072 256
6088 264
6105 271
6121 265
6137 289
6154 302
6170 286
6186 318
6203 324
6219 336
6235 347
6252 352
6268 371
6284 373
6301 388
6317 402
6333 408
6350 423
6366 418
6382 443
6399 458
6415 452
6431 485
6448 482
6464 501
6480 512
6497 522
6513 546
6529 559
6546 574
6562 589
6578 599
6595 613
6611 636
6627 645
6644 654
6660 671
6676 689
6693 680
6709 703
6725 728
6742 735
6758 762
6774 771
6791 788
6807 806
6823 814
6840 839
6856 851
6872 874
6889 890
6905 906
6921 920
6938 939
6954 953
6970 972
6988 984
7004 1002
7020 1018
7037 1038
7053 1043
7069 1068
7086 1084
7102 1100
7118 1102
7135 1130
7151 1148
7167 1159
7184 1177
7200 1191
7216 1217
7233 1228
7249 1265
7265 1250
7282 1283
7298 1283
7314 1314
7331 1325
7347 1341
7363 1357
7380 1352
7396 1386
7412 1400
7429 1411
7445 1424
7461 1443
7478 1440
7494 1468
7510 1476
7527 1492
7543 1512
7559 1520
7576 1541
7592 1555
7608 1560
7625 1569
7641 1591
7657 1611
7674 1618
7690 1632
7706 1637
7723 1650
7739 1664
7755 1672
7772 1692
7788 1695
7804 1699
7821 1685
7837 1723
7853 1727
7870 1737
7886 1747
7902 1757
7919 1765
7935 1782
7951 1788
7968 1802
7985 1802
8002 1810
8018 1821
8034 1822
8051 1829
8067 1780
8083 1841
8100 1842
8116 1853
8132 1849
8149 1862
8165 1865
8181 1857
8198 1876
8214 1868
8230 1877
8247 1877
8263 1905
8279 1890
8296 1879
8312 1888
8328 1866
8345 1900
8361 1894
8377 1891
8394 1889
8410 1879
8426 1891
8443 1889
8459 1883
8475 1883
8492 1873
8508 1866
8524 1878
8541 1854
8557 1865
8573 1849
8590 1852
8606 1853
8622 1843
8639 1850
8655 1836
8671 1838
8688 1824
8704 1827
8720 1808
8737 1802
8753 1805
8769 1795
8786 1780
8802 1771
8818 1755
8835 1747
8851 1737
8867 1736
8884 1722
8900 1691
8916 1693
8933 1678
8949 1673
8965 1663
8982 1655
8999 1639
9015 1616
9032 1618
9048 1599
9064 1586
9081 1574
9097 1554
9113 1539
9130 1530
9146 1492
9162 1495
9179 1482
9195 1465
9211 1448
9228 1434
9244 1407
9260 1400
9277 1398
9293 1365
9309 1345
9326 1353
9342 1319
9358 1297
9375 1275
9391 1269
9407 1239
9424 1229
9440 1202
9456 1184
9473 1157
9489 1147
9505 1124
9522 1100
9538 1088
9554 1056
9571 1047
9587 1051
9603 990
9620 981
9636 955
9652 937
9669 920
9685 896
9701 879
9718 869
9734 847
9750 813
9767 802
9783 771
9799 743
9816 730
9832 708
9848 687
9865 666
9881 643
9897 617
9914 599
9930 578
9946 557
9963 513
9979 513
9996 496
10012 466
10028 451
10045 421
10061 408
10077 390
10094 369
10110 346
10126 326
10143 303
10159 280
10175 254
10192 238
10208 222
10224 192
10241 187
10257 171
10273 154
10290 140
10306 133
10322 121
10339 114
10355 117
10371 108
10388 115
10404 118
10420 119
10437 112
10453 123
10469 122
10486 112
10502 124
10518 125
10535 134
10551 119
10567 132
10584 138
10600 141
10616 142
10633 145
10649 148
10665 162
10682 152
10698 145
10714 165
10731 158
10747 171
10763 185
10780 184
10796 181
10812 197
10829 192
10845 195
10861 209
10878 208
10894 212
10910 218
10927 224
10943 234
10959 239
10976 243
10993 252
11009 260
11026 255
11042 271
11058 279
11075 290
11091 298
11107 304
11124 322
11140 330
11156 335
11173 365
11189 352
11205 365
11222 381
11238 391
11254 399
11271 417
11287 425
11303 440
11320 447
11336 458
11352 478
11369 485
11385 490
11401 502
11418 516
11434 533
11450 547
11467 557
11483 602
11499 590
11516 606
11532 617
11548 639
11565 654
11581 662
11597 678
11614 700
11630 708
11646 729
11663 736
11679 757
11695 769
11712 784
11728 803
11744 811
11761 831
11777 844
11793 854
11810 881
11826 894
11842 919
11859 933
11875 943
11891 964
11908 979
11924 1006
11940 1014
11957 1019
11973 1044
11990 1065
12007 1073
12023 1099
12039 1108
12056 1130
12072 1145
12088 1145
12105 1176
12121 1195
12137 1208
12154 1224
12170 1233
12186 1261
12203 1274
12219 1293
12235 1300
12252 1320
12268 1332
12284 1358
12301 1377
12317 1387
12333 1405
12350 1412
12366 1426
12382 1446
12399 1457
12415 1471
12431 1444
12448 1490
12464 1503
12480 1528
12497 1538
12513 1558
12529 1564
12546 1586
12562 1630
12578 1614
12595 1621
12611 1633
12627 1646
12644 1655
12660 1668
12676 1680
12693 1725
12709 1705
12725 1711
12742 1725
12758 1732
12774 1741
12791 1756
12807 1758
12823 1760
12840 1778
12856 1783
12872 1798
12889 1799
12905 1819
12921 1819
12938 1826
12954 1832
12970 1838
12988 1848
13004 1853
13021 1860
13037 1873
13053 1871
13070 1873
13086 1881
13102 1881
13119 1895
13135 1892
13151 1882
13168 1895
13184 1897
13200 1895
13217 1900
13233 1901
13249 1923
13266 1908
13282 1909
13298 1888
13315 1907
13331 1905
13347 1906
13364 1906
13380 1909
13396 1902
13413 1896
13429 1897
13445 1893
13462 1886
13478 1886
13494 1882
13511 1789
13527 1865
13543 1861
13560 1859
13576 1856
13592 1844
13609 1849
13625 1840
13641 1827
13658 1818
13674 1818
13690 1809
13707 1798
13723 1790
13739 1781
13756 1758
13772 1767
13788 1753
13805 1745
13821 1738
13837 1683
13854 1710
13870 1698
13886 1675
13903 1670
13919 1655
13935 1649
13952 1644
13968 1631
13985 1612
14002 1599
14018 1578
14034 1563
14051 1551
14067 1538
14083 1524
14100 1506
14116 1493
14132 1470
14149 1457
14165 1437
14181 1423
14198 1396
14214 1376
14230 1368
14247 1350
14263 1331
14279 1319
14296 1294
14312 1287
14328 1259
14345 1241
14361 1222
14377 1204
14394 1184
14410 1162
14426 1146
14443 1124
14459 1120
14475 1084
14492 1059
14508 1042
14524 1023
14541 986
14557 980
14573 946
14590 940
14606 910
14622 893
14639 850
14655 860
14671 835
14688 812
14704 788
14720 769
14737 744
14753 724
14769 715
14786 679
14802 654
14818 643
14835 613
14851 589
14867 570
14884 573
14900 507
14916 502
14933 481
14949 443
14965 430
14982 408
14999 398
15016 372
15032 349
15048 326
15065 288
15081 280
15097 273
15114 251
15130 224
15146 201
15163 185
15179 165
15195 156
15212 145
15228 132
15244 122
15261 118
15277 101
15293 110
15310 110
15326 111
15342 107
15359 134
15375 124
15391 120
15408 122
15424 122
15440 131
15457 0
15473 132
15489 133
15506 146
15522 138
15538 136
15555 131
15571 149
15587 154
15604 152
15620 163
15636 151
15653 162
15669 163
15685 167
15702 178
15718 182
15734 185
15751 199
15767 187
15783 191
15800 196
15816 211
15832 209
15849 242
15865 234
15881 236
15898 256
15914 250
15930 261
15947 266
15963 276
15979 280
15996 275
16012 297
16028 290
16045 291
16061 324
16077 331
16094 352
16110 356
16126 379
16143 368
16159 381
16175 398
16192 408
16208 410
16224 442
16241 440
16257 459
16273 468
16290 479
16306 491
16322 504
16339 517
16355 526
16371 543
16388 552
16404 566
16420 583
16437 598
16453 627
16469 620
16486 651
16502 663
16518 671
16535 687
16551 699
16567 718
16584 705
16600 746
16616 766
16633 782
16649 792
16665 776
16682 822
16698 841
16714 850
16731 859
16747 885
16763 900
16780 922
16796 933
16812 961
16829 974
16845 992
16861 1007
16878 1023
16894 1034
16910 1052
16927 1069
16943 1082
16959 1100
16976 1121
16993 1132
17009 1153
17026 1165
17042 1194
17058 1187
17075 1212
17091 1210
17107 1239
17124 1261
17140 1277
17156 1300
17173 1305
17189 1333
17205 1336
17222 1356
17238 1375
17254 1374
17271 1401
17287 1417
17303 1427
17320 1443
17336 1458
17352 1465
17369 1487
17385 1498
17401 1513
17418 1523
17434 1540
17450 1547
17467 1558
17483 1571
17499 1586
17516 1615
17532 1615
17548 1640
17565 1646
17581 1655
17597 1657
17614 1665
17630 1687
17646 1692
17663 1704
17679 1714
17695 1723
17712 1733
17728 1742
17744 1798
17761 1759
17777 1767
17793 1765
17810 1781
17826 1787
17842 1799
17859 1802
17875 1817
17891 1823
17908 1826
17924 1839
17940 1833
17957 1838
17973 1849
17991 1853
18007 1855
18023 1862
18040 1858
18056 1870
18072 1870
18089 1874
18105 1877
18121 1865
18138 1881
18154 1859
18170 1878
18187 1883
18203 1878
18219 1888
18236 1896
18252 1896
18268 1882
18285 1885
18301 1876
18317 1878
18334 1881
18350 1871
18366 1868
18383 1867
18399 1861
18415 1858
18432 1894
18448 1851
18464 1840
18481 1831
18497 1834
18513 1823
18530 1814
18546 1812
18562 1794
18579 1804
18595 1797
18611 1796
18628 1775
18644 1768
18660 1755
18677 1746
18693 1738
18709 1726
18726 1716
18742 1708
18758 1696
18775 1684
18791 1676
18807 1661
18824 1646
18840 1636
18856 1613
18873 1604
18889 1595
18905 1582
18922 1565
18938 1568
18954 1545
18971 1535
18988 1512
19004 1493
19021 1479
19037 1455
19053 1440
19070 1431
19086 1423
19102 1396
19119 1414
19135 1364
19151 1335
19168 1327
19184 1312
19200 1293
19217 1284
19233 1257
19249 1223
19266 1217
19282 1199
19298 1178
19315 1158
19331 1136
19347 1121
19364 1096
19380 1085
19396 1058
19413 1036
19429 1021
19445 1000
19462 979
19478 961
19494 937
19511 905
19527 896
19543 874
19560 846
19576 834
19592 810
19609 790
19625 767
19641 747
19658 722
19674 700
19690 673
19707 655
19723 636
19739 613
19756 598
19772 573
19788 546
19805 528
19821 506
19837 485
19854 463
19870 443
19886 429
19903 396
19919 370
19935 350
19952 290
19968 311
19986 289
20002 263
20018 251
20035 224
20051 206
20067 193
20084 172
20100 164
20116 138
20133 137
20149 127
20165 121
20182 118
20198 115
20214 108
20231 116
20247 108
20263 113
20280 113
20296 115
20312 113
20329 153
20345 128
20361 126
20378 128
20394 128
20410 132
20427 131
20443 142
20459 142
20476 145
20492 149
20508 151
20525 158
20541 160
20557 161
20574 167
20590 172
20606 174
20623 179
20639 170
20655 181
20672 193
20688 191
20704 207
20721 209
20737 218
20753 218
20770 229
20786 233
20802 242
20819 241
20835 257
20851 256
20868 270
20884 278
20900 283
20917 298
20933 304
20949 312
20966 320
20982 315
20999 335
21016 346
21032 371
21048 379
21065 378
21081 393
21097 399
21114 414
21130 427
21146 454
21163 446
21179 448
21195 476
21212 484
21228 498
21244 509
21261 519
21277 535
21293 546
21310 557
21326 573
21342 586
21359 598
21375 615
21391 623
21408 646
21424 663
21440 677
21457 718
21473 689
21489 722
21506 733
21522 757
21538 761
21555 781
21571 795
21587 821
21604 820
21620 843
21636 855
21653 877
21669 889
21685 891
21702 917
21718 929
21734 952
21751 963
21767 997
21783 1000
21800 1018
21816 1025
21832 1050
21849 1064
21865 1075
21881 1102
21898 1113
21914 1131
21930 1149
21947 1162
21963 1178
21979 1194
21996 1214
22012 1234
22028 1240
22045 1249
22061 1267
22077 1280
22094 1301
22110 1312
22126 1335
22143 1351
22159 1362
22175 1376
22192 1405
22208 1408
22224 1430
22241 1434
22257 1449
22273 1463
22290 1482
22306 1491
22322 1501
22339 1516
22355 1529
22371 1635
22388 1553
22404 1563
22420 1577
22437 1585
22453 1602
22469 1614
22486 1631
22502 1654
22518 1651
22535 1655
22551 1667
22567 1682
22584 1688
22600 1701
22616 1711
22633 1714
22649 1747
22665 1737
22682 1754
22698 1754
22714 1753
22731 1765
22747 1777
22763 1796
22780 1787
22796 1791
22812 1803
22829 1807
22845 1822
22861 1825
22878 1828
22894 1829
22910 1833
22927 1840
22943 1842
22959 1846
22976 1848
22993 1858
23010 1859
23026 1851
23042 1896
23059 1862
23075 1857
23091 1864
23108 1843
23124 1859
23140 1859
23157 1860
23173 1860
23189 1872
23206 1861
23222 1877
23238 1857
23255 1854
23271 1852
23287 1847
23304 1848
23320 1840
23336 1839
23353 1774
23369 1828
23385 1824
23402 1817
23418 1817
23434 1806
23451 1800
23467 1791
23483 1782
23500 1803
23516 1772
23532 1751
23549 1759
23565 1744
23581 1738
23598 1727
23614 1717
23630 1707
23647 1696
23663 1684
23679 1668
23696 1664
23712 1656
23728 1642
23745 1616
23761 1610
23777 1606
23794 1592
23810 1583
23826 1558
23843 1549
23859 1531
23875 1527
23892 1507
23908 1500
23924 1488
23941 1467
23957 1439
23973 1436
23991 1419
24007 1403
24023 1384
24040 1371
24056 1357
24072 1328
24089 1316
24105 1296
24121 1273
24138 1265
24154 1240
24170 1224
24187 1206
24203 1182
24219 1171
24236 1165
24252 1138
24268 1112
24285 1096
24301 1070
24317 1061
24334 1038
24350 1009
24366 985
24383 965
24399 949
24415 931
24432 918
24448 892
24464 856
24481 835
24497 829
24513 802
24530 783
24546 760
24562 716
24579 723
24595 695
24611 686
24628 657
24644 633
24660 612
24677 588
24693 580
24709 543
24726 533
24742 505
24758 482
24775 467
24791 445
24807 423
24824 399
24840 379
24856 361
24873 356
24889 316
24905 295
24922 281
24938 257
24954 236
24971 225
24988 204
25004 176
25021 167
25037 156
25053 142
25070 132
25086 123
25102 121
25119 110
25135 117
25151 118
25168 99
25184 113
25200 109
25217 94
25233 115
25249 118
25266 115
25282 136
25298 129
25315 134
25331 136
25347 141
25364 142
25380 147
25396 143
25413 152
25429 140
25445 156
25462 162
25478 165
25494 165
25511 176
25527 173
25543 178
25560 194
25576 187
25592 193
25609 192
25625 196
25641 208
25658 210
25674 224
25690 133
25707 260
25723 248
25739 239
25756 259
25772 252
25788 268
25805 272
25821 293
25837 292
25854 298
25870 310
25886 319
25903 325
25919 338
25935 339
25952 354
25968 362
25986 377
26002 381
26018 421
26035 412
26051 431
26067 409
26084 456
26100 454
26116 464
26133 476
26149 493
26165 509
26182 521
26198 535
26214 546
26231 564
26247 588
26263 587
26280 579
26296 611
26312 622
26329 644
26345 658
26361 668
26378 692
26394 706
26410 718
26427 738
26443 751
26459 751
26476 784
26492 796
26508 816
26525 827
26541 842
26557 858
26574 874
26590 892
26606 906
26623 925
26639 897
26655 951
26672 968
26688 982
26704 1001
26721 1016
26737 1037
26753 1047
26770 1066
26786 1091
26802 1101
26819 1118
26835 1130
26851 1146
26868 1160
26884 1181
26900 1212
26917 1195
26933 1232
26949 1215
26966 1260
26984 1271
27001 1288
27017 1307
27033 1319
27050 1341
27066 1353
27082 1374
27099 1379
27115 1401
27131 1413
27148 1429
27164 1448
27180 1455
27197 1462
27213 1491
27229 1498
27246 1506
27262 1523
27278 1538
27295 1553
27311 1561
27327 1587
27344 1585
27360 1596
27376 1615
27393 1621
27409 1644
27425 1650
27442 1665
27458 1655
27474 1685
27491 1696
27507 1709
27523 1710
27540 1725
27556 1728
27572 1745
27589 1754
27605 1760
27621 1768
27638 1772
27654 1788
27670 1794
27687 1805
27703 1806
27719 1805
27736 1821
27752 1821
27768 1849
27785 1843
27801 1845
27817 1854
27834 1851
27850 1858
27866 1850
27883 1867
27899 1885
27915 1864
27932 1876
27948 1880
27964 1883
27981 1881
27998 1885
28014 1885
28031 1874
28047 1881
28063 1882
28080 1882
28096 1879
28112 1889
28129 1887
28145 1988
28161 1874
28178 1874
28194 1922
28210 1875
28227 1878
28243 1867
28259 1860
28276 1861
28292 1851
28308 1849
28325 1843
28341 1838
28357 1835
28374 1823
28390 1820
28406 1812
28423 1802
28439 1799
28455 1788
28472 1790
28488 1774
28504 1766
28521 1759
28537 1756
28553 1747
28570 1723
28586 1714
28602 1703
28619 1690
28635 1683
28651 1670
28668 1655
28684 1635
28700 1636
28717 1621
28733 1608
28749 1582
28766 1579
28782 1558
28798 1552
28815 1537
28831 1532
28847 1511
28864 1489
28880 1483
28896 1468
28913 1446
28929 1424
28945 1412
28962 1390
28978 1374
28995 1361
29012 1346
29028 1325
29044 1306
29061 1292
29077 1277
29093 1240
29110 1233
29126 1205
29142 1199
29159 1175
29175 1172
29191 1146
29208 1122
29224 1098
29240 1082
29257 1062
29273 1033
29289 1021
29306 1000
29322 976
29338 961
29355 939
29371 915
29387 899
29404 878
29420 852
29436 835
29453 801
29469 788
29485 767
29502 747
29518 721
29534 724
29551 681
29567 661
29583 642
29600 615
29616 595
29632 576
29649 553
29665 480
29681 511
29698 490
29714 473
29730 445
29747 417
29763 401
29779 380
29796 402
29812 325
29828 315
29845 290
29861 273
29877 255
29894 231
29910 219
29926 182
29943 184
29959 163
29975 153
29993 141
30009 133
30025 125
30042 72
30058 114
30074 117
30091 121
30107 112
30123 116
30140 115
30156 113
30172 119
30189 112
30205 121
30221 121
30238 143
30254 131
30270 138
30287 136
30303 136
30319 141
30336 150
30352 160
30368 153
30385 146
30401 158
30417 163
30434 165
30450 173
30466 171
30483 196
30499 183
30515 178
30532 183
30548 197
30564 203
30581 206
30597 223
30613 248
30630 231
30646 238
30662 250
30679 250
30695 250
30711 260
30728 270
30744 181
30760 284
30777 297
30793 301
30809 310
30826 321
30842 329
30858 338
30875 335
30891 355
30907 359
30924 375
30940 389
30956 396
30973 423
30990 446
31007 439
31023 452
31039 464
31056 478
31072 490
31088 499
31105 512
31121 522
31137 539
31154 555
31170 562
31186 580
31203 596
31219 607
31235 617
31252 628
31268 651
31284 662
31301 695
31317 697
31333 712
31350 737
31366 748
31382 759
31399 777
31415 782
31431 761
31448 821
31464 834
31480 858
31497 867
31513 887
31529 901
31546 919
31562 942
31578 939
31595 966
31611 971
31627 1000
31644 1015
31660 1040
31676 1054
31693 1071
31709 1084
31725 1110
31742 1117
31758 1108
31774 1151
31791 1173
31807 1179
31823 1197
31840 1210
31856 1222
31872 1262
31889 1262
31905 1277
31921 1292
31938 1295
31954 1319
31970 1339
31988 1350
32004 1381
32020 1391
32037 1409
32053 1416
32069 1431
32086 1448
32102 1459
32118 1487
32135 1490
32151 1502
32167 1519
32184 1531
32200 1544
32216 1559
32233 1579
32249 1587
32265 1599
32282 1610
32298 1619
32314 1633
32331 1648
32347 1653
32363 1669
32380 1689
32396 1694
32412 1703
32429 1727
32445 1722
32461 1740
32478 1748
32494 1755
32510 1759
32527 1774
32543 1781
32559 1791
32576 1800
32592 1804
32608 1816
32625 1822
32641 1821
32657 1844
32674 1840
32690 1855
32706 1839
32723 1871
32739 1871
32755 1872
32772 1882
32788 1883
32804 1883
32821 1874
32837 1894
32853 1899
32870 1892
32886 1898
32902 1902
32919 1901
32935 1902
32951 1910
32968 1906
32985 1901
33001 1905
33018 1906
33034 1908
33050 1902
33067 1914
33083 1905
33099 1906
33116 1901
33132 1897
33148 1895
33165 1891
33181 1888
33197 1881
33214 1876
33230 1872
33246 1863
33263 1862
33279 1855
33295 1848
33312 1841
33328 1794
33344 1829
33361 1818
33377 1806
33393 1806
33410 1793
33426 1791
33442 1784
33459 1767
33475 1770
33491 1755
33508 1744
33524 1700
33540 1725
33557 1710
33573 1697
33589 1685
33606 1671
33622 1658
33638 1651
33655 1629
33671 1622
33687 1608
33704 1580
33720 1576
33736 1560
33753 1547
33769 1566
33785 1529
33802 1506
33818 1495
33834 1478
33851 1454
33867 1438
33883 1422
33900 1400
33916 1387
33932 1369
33949 1344
33965 1333
33981 1310
33999 1291
34015 1277
34032 1236
34048 1233
34064 1215
34081 1194
34097 1177
34113 1158
34130 1148
34146 1145
34162 1097
34179 1071
34195 1062
34211 1038
34228 1022
34244 997
34260 976
34277 953
34293 921
34309 914
34326 888
34342 872
34358 847
34375 864
34391 805
34407 786
34424 803
34440 733
34456 719
34473 689
34489 673
34505 654
34522 632
34538 608
34554 588
34571 567
34587 544
34603 520
34620 499
34636 475
34652 457
34669 433
34685 371
34701 389
34718 365
34734 442
34750 324
34767 310
34783 277
34799 251
34816 241
34832 216
34848 208
34865 191
34881 170
34897 153
34914 143
34930 131
34946 128
34963 119
34979 117
34995 114
35012 112
35028 113
35044 109
35061 120
35077 118
35093 106
35110 117
35126 112
35142 123
35159 117
35175 130
35191 128
35208 149
35224 112
35240 139
35257 147
35273 143
35289 152
35306 158
35322 156
35338 154
35355 169
35371 169
35387 172
35404 178
35420 182
35436 184
35453 194
35469 196
35485 187
35502 205
35518 200
35534 224
35551 222
35567 249
35583 240
35600 247
35616 255
35632 255
35649 274
35665 323
35681 278
35698 290
35714 289
35730 306
35747 314
35763 326
35779 334
35796 341
35812 355
35828 364
35845 405
35861 388
35877 392
35894 406
35910 419
35926 430
35943 441
35959 451
35975 474
35993 480
36009 500
36026 506
36042 555
36058 532
36075 543
36091 561
36107 574
36124 587
36140 604
36156 614
36173 633
36189 644
36205 654
36222 678
36238 689
36254 703
36271 721
36287 732
36303 747
36320 762
36336 785
36352 827
36369 811
36385 826
36401 846
36418 858
36434 875
36450 892
36467 910
36483 909
36499 937
36516 955
36532 978
36548 982
36565 1001
36581 1016
36597 1037
36614 1052
36630 1071
36646 1089
36663 1088
36679 1120
36695 1133
36712 1149
36728 1170
36744 1175
36761 1204
36777 1217
36793 1235
36810 1249
36826 1265
36842 1280
36859 1305
36875 1314
36891 1330
36908 1334
36924 1352
36940 1367
36957 1385
36973 1401
36990 1422
37007 1438
37023 1448
37039 1462
37056 1477
37072 1485
37088 1503
37105 1517
37121 1530
37137 1544
37154 1557
37170 1570
37186 1586
37203 1596
37219 1605
37235 1620
37252 1623
37268 1638
37284 1647
37301 1668
37317 1670
37333 1705
37350 1698
37366 1712
37382 1723
37399 1727
37415 1739
37431 1790
37448 1753
37464 1762
37480 1774
37497 1782
37513 1788
37529 1795
37546 1805
37562 1846
37578 1818
37595 1823
37611 1818
37627 1835
37644 1822
37660 1845
37676 1851
37693 1876
37709 1866
37725 1865
37742 1873
37758 1871
37774 1875
37791 1880
37807 1876
37823 1884
37840 1874
37856 1886
37872 1887
37889 1887
37905 1887
37921 1894
37938 1887
37954 1886
37970 1878
37988 1878
38004 1879
38021 1875
38037 1874
38053 1868
38070 1876
38086 1856
38102 1865
38119 1860
38135 1849
38151 1853
38168 1840
38184 1844
38200 1835
38217 1829
38233 1821
38249 1821
38266 1810
38282 1799
38298 1777
38315 1788
38331 1770
38347 1756
38364 1757
38380 1763
38396 1748
38413 1729
38429 1718
38445 1706
38462 1697
38478 1686
38494 1674
38511 1661
38527 1661
38543 1641
38560 1629
38576 1611
38592 1592
38609 1586
38625 1571
38641 1553
38658 1543
38674 1518
38690 1522
38707 1493
38723 1477
38739 1463
38756 1456
38772 1430
38788 1415
38805 1394
38821 1393
38837 1388
38854 1349
38870 1333
38886 1311
38903 1290
38919 1276
38935 1256
38952 1233
38968 1219
38985 1198
39002 1177
39018 1147
39034 1132
39051 1114
39067 1088
39083 1073
39100 1066
39116 1037
39132 1022
39149 998
39165 972
39181 958
39198 946
39214 918
39230 894
39247 868
39263 850
39279 828
39296 808
39312 783
39328 768
39345 735
39361 715
39377 698
39394 673
39410 646
39426 633
39443 612
39459 600
39475 572
39492 551
39508 499
39524 505
39541 483
39557 456
39573 437
39590 418
39606 391
39622 376
39639 303
39655 328
39671 312
39688 280
39704 260
39720 243
39737 217
39753 203
39769 168
39786 171
39802 153
39818 154
39835 136
39851 128
39867 125
39884 117
39900 131
39916 110
39933 110
39949 116
39965 107
39982 113
39999 118
40015 119
40032 124
40048 123
40064 123
40081 123
40097 128
40113 128
40130 135
40146 148
40162 148
40179 148
40195 157
40211 152
40228 160
40244 160
40260 163
40277 170
40293 170
40309 172
40326 189
40342 182
40358 186
40375 196
40391 208
40407 201
40424 206
40440 212
40456 217
40473 224
40489 233
40505 241
40522 251
40538 259
40554 262
40571 273
40587 285
40603 280
40620 291
40636 306
40652 306
40669 319
40685 334
40701 340
40718 350
40734 341
40750 368
40767 381
40783 394
40799 390
40816 427
40832 418
40848 435
40865 443
40881 466
40897 471
40914 486
40930 525
40946 517
40963 523
40979 531
40996 558
41012 556
41028 572
41045 595
41061 604
41077 627
41094 663
41110 646
41126 661
41143 676
41159 680
41175 701
41192 716
41208 740
41224 751
41241 786
41257 786
41273 799
41290 821
41306 829
41322 844
41339 862
41355 896
41371 895
41388 901
41404 928
41420 939
41437 954
41453 973
41469 984
41486 1002
41502 1022
41518 1021
41535 1006
41551 1058
41567 1082
41584 1106
41600 1115
41616 1136
41633 1152
41649 1170
41665 1189
41682 1203
41698 1216
41714 1221
41731 1245
41747 1258
41763 1275
41780 1294
41796 1287
41812 1321
41829 1333
41845 1353
41861 1365
41878 1356
41894 1389
41910 1403
41927 1419
41943 1437
41959 1446
41976 1471
41993 1476
42009 1496
42026 1506
42042 1549
42058 1537
42075 1545
42091 1556
42107 1572
42124 1583
42140 1595
42156 1608
42173 1615
42189 1632
42205 1637
42222 1641
42238 1660
42254 1671
42271 1680
42287 1692
42303 1726
42320 1715
42336 1720
42352 1723
42369 1742
42385 1747
42401 1751
42418 1762
42434 1772
42450 1776
42467 1786
42483 1792
42499 1795
42516 1810
42532 1812
42548 1818
42565 1825
42581 1811
42597 1823
42614 1828
42630 1835
42646 1842
42663 1841
42679 1855
42695 1857
42712 1867
42728 1855
42744 1869
42761 1858
42777 1857
42793 1869
42810 1864
42826 1867
42842 1866
42859 1864
42875 1860
42891 1856
42908 1860
42924 1777
42940 1833
42957 1849
42973 1845
42990 1845
43007 1853
43023 1844
43039 1833
43056 1830
43072 1828
43088 1822
43105 1802
43121 1809
43137 1798
43154 1797
43170 1780
43186 1786
43203 1778
43219 1772
43235 1756
43252 1756
43268 1742
43284 1728
43301 1701
43317 1709
43333 1706
43350 1697
43366 1703
43382 1674
43399 1663
43415 1652
43431 1654
43448 1627
43464 1620
43480 1604
43497 1591
43513 1574
43529 1557
43546 1548
43562 1532
43578 1523
43595 1504
43611 1495
43627 1474
43644 1450
43660 1443
43676 1417
43693 1408
43709 1395
43725 1376
43742 1370
43758 1350
43774 1335
43791 1307
43807 1297
43823 1280
43840 1254
43856 1246
43872 1254
43889 1207
43905 1188
43921 1178
43938 1146
43954 1127
43970 1107
43988 1092
44004 1064
44021 1042
44037 1020
44053 1003
44070 995
44086 970
44102 947
44119 977
44135 905
44151 882
44168 860
44184 843
44200 816
44217 791
44233 779
44249 760
44266 736
44282 712
44298 693
44315 672
44331 649
44347 622
44364 604
44380 603
44396 563
44413 537
44429 531
44445 504
44462 486
44478 459
44494 440
44511 408
44527 389
44543 377
44560 352
44576 331
44592 313
44609 291
44625 269
44641 251
44658 229
44674 212
44690 193
44707 165
44723 159
44739 136
44756 135
44772 120
44788 119
44805 84
44821 156
44837 117
44854 111
44870 111
44886 125
44903 119
44919 120
44935 121
44952 117
44968 124
44985 128
45002 132
45018 133
45034 132
45051 144
45067 98
45083 135
45100 143
45116 144
45132 163
45149 160
45165 164
45181 160
45198 323
45214 166
45230 177
45247 186
45263 193
45279 186
45296 198
45312 198
45328 204
45345 209
45361 216
45377 226
45394 227
45410 218
45426 240
45443 245
45459 253
45475 258
45492 290
45508 274
45524 288
45541 297
45557 291
45573 320
45590 313
45606 335
45622 374
45639 313
45655 358
45671 372
45688 377
45704 392
45720 399
45737 415
45753 421
45769 396
45786 443
45802 447
45818 470
45835 486
45851 490
45867 515
45884 526
45900 533
45916 548
45933 565
45949 577
45965 592
45982 603
45999 619
46016 603
46032 655
46048 662
46065 685
46081 695
46097 705
46114 709
46130 734
46146 744
46163 768
46179 786
46195 807
46212 813
46228 831
46244 831
46261 847
46277 879
46293 892
46310 910
46326 928
46342 940
46359 958
46375 973
46391 987
46408 1008
46424 1021
46440 1057
46457 1042
46473 1065
46489 1083
46506 1087
46522 1118
46538 1131
46555 1153
46571 1169
46587 1184
46604 1203
46620 1214
46636 1258
46653 1247
46669 1263
46685 1278
46702 1296
46718 1312
46734 1330
46751 1337
46767 1358
46783 1366
46800 1387
46816 1386
46832 1396
46849 1428
46865 1413
46881 1453
46898 1469
46914 1480
46930 1503
46947 1514
46963 1529
46979 1535
46996 1555
47012 1567
47028 1575
47045 1590
47061 1601
47077 1615
47094 1634
47110 1636
47126 1648
47143 1662
47159 1673
47175 1683
47192 1683
47208 1710
47224 1710
47241 1720
47257 1731
47273 1735
47290 1754
47306 1762
47322 1758
47339 1769
47355 1790
47371 1793
47388 1798
47404 1791
47420 1813
47437 1818
47453 1822
47469 1831
47486 1831
47502 1843
47518 1845
47535 1896
47551 1846
47567 1855
47584 1855
47600 1864
47616 1867
47633 1869
47649 1887
47665 1867
47682 1883
47698 1880
47714 1880
47731 1883
47747 1879
47763 1885
47780 1879
47796 1884
47812 1880
47829 1884
47845 1873
47861 1875
47878 1883
47894 1873
47910 1872
47927 1863
47943 1858
47959 1853
47976 1853
47993 1858
48009 1849
48026 1838
48042 1835
48058 1837
48075 1822
48091 1819
48107 1807
48124 1801
48140 1795
48156 1785
48173 1776
48189 1771
48205 1759
48222 1717
48238 1743
48254 1723
48271 1717
48287 1711
48303 1700
48320 1689
48336 1675
48352 1666
48369 1660
48385 1646
48401 1626
48418 1625
48434 1598
48450 1599
48467 1571
48483 1580
48499 1548
48516 1535
48532 1517
48548 1504
48565 1488
48581 1473
48597 1449
48614 1409
48630 1421
48646 1398
48663 1397
48679 1374
48695 1353
48712 1345
48728 1329
48744 1304
48761 1285
48777 1272
48793 1251
48810 1232
48826 1215
48842 1193
48859 1185
48875 1157
48891 1136
48908 1117
48924 1104
48940 1075
48957 1057
48973 1037
48991 1010
49007 994
49023 970
49040 968
49056 937
49072 911
49089 891
49105 875
49121 853
49138 822
49154 812
49170 784
49187 762
49203 748
49219 718
49236 698
49252 678
49268 657
49285 636
49301 623
49317 581
49334 567
49350 560
49366 526
49383 504
49399 482
49415 470
49432 432
49448 421
49464 397
49481 383
49497 351
49513 332
49530 321
49546 295
49562 270
49579 259
49595 232
49611 214
49628 190
49644 179
49660 162
49677 137
49693 137
49709 123
49726 124
49742 92
49758 112
49775 122
49791 109
49807 105
49824 122
49840 117
49856 120
49873 91
49889 122
49905 123
49922 125
49938 128
49954 135
49971 134
49988 135
50004 140
50021 142
50037 146
50053 142
50070 148
50086 151
50102 160
50119 167
50135 169
50151 174
50168 184
50184 180
50200 184
50217 189
50233 199
50249 199
50266 205
50282 210
50298 213
50315 225
50331 227
50347 235
50364 249
50380 237
50396 252
50413 261
50429 275
50445 275
50462 309
50478 301
50494 303
50511 322
50527 320
50543 331
50560 261
50576 351
50592 361
50609 374
50625 382
50641 393
50658 400
50674 413
50690 444
50707 437
50723 450
50739 450
50756 466
50772 479
50788 493
50805 511
50821 488
50837 545
50854 562
50870 578
50886 570
50903 597
50919 608
50935 614
50952 626
50968 652
50986 667
51002 685
51018 719
51035 715
51051 729
51067 746
51084 762
51100 774
51116 790
51133 804
51149 822
51165 844
51182 858
51198 868
51214 887
51231 905
51247 924
51263 934
51280 950
51296 971
51312 984
51329 1002
51345 1019
51361 1032
51378 1051
51394 1072
51410 1086
51427 1100
51443 1099
51459 1129
51476 1145
51492 1164
51508 1137
51525 1221
51541 1224
51557 1234
51574 1243
51590 1267
51606 1283
51623 1299
51639 1337
51655 1333
51672 1340
51688 1357
51704 1372
51721 1382
51737 1404
51753 1430
51770 1454
51786 1445
51802 1445
51819 1477
51835 1482
51851 1500
51868 1514
51884 1528
51900 1552
51917 1563
51933 1568
51949 1580
51966 1600
51982 1614
51999 1625
52016 1636
52032 1651
52048 1658
52065 1673
52081 1680
52097 1691
52114 1705
52130 1718
52146 1727
52163 1734
52179 1739
52195 1752
52212 1761
52228 1782
52244 1783
52261 1787
52277 1796
52293 1807
52310 1815
52326 1818
52342 1829
52359 1836
52375 1837
52391 1841
52408 1855
52424 1861
52440 1864
52457 1887
52473 1876
52489 1878
52506 1885
52522 1885
52538 1888
52555 1890
52571 1897
52587 1896
52604 1897
52620 1902
52636 1935
52653 1902
52669 1904
52685 1901
52702 1906
52718 1904
52734 1901
52751 1898
52767 1904
52783 1900
52800 1897
52816 1896
52832 1893
52849 1890
52865 1891
52881 1881
52898 1876
52914 1878
52930 1868
52947 1868
52963 1865
52979 1847
52996 1847
53012 1842
53028 1835
53045 1827
53061 1818
53077 1817
53094 1807
53110 1794
53126 1788
53143 1776
53159 1769
53175 1758
53192 1736
53208 1738
53224 1719
53241 1718
53257 1710
53273 1697
53290 1681
53306 1669
53322 1658
53339 1629
53355 1635
53371 1619
53388 1600
53404 1557
53420 1576
53437 1564
53453 1552
53469 1537
53486 1521
53502 1501
53518 1488
53535 1484
53551 1452
53567 1438
53584 1414
53600 1393
53616 1379
53633 1363
53649 1351
53665 1301
53682 1320
53698 1297
53714 1283
53731 1255
53747 1238
53763 1221
53780 1195
53796 1184
53812 1163
53829 1141
53845 1123
53861 1103
53878 1079
53894 1062
53910 1041
53927 1020
53943 999
53959 971
53976 951
53993 933
54010 930
54026 895
54042 863
54059 851
54075 827
54091 817
54108 796
54124 760
54140 741
54157 719
54173 699
54189 675
54206 651
54222 622
54238 613
54255 587
54271 563
54287 531
54304 518
54320 497
54336 475
54353 456
54369 432
54385 413
54402 389
54418 372
54434 347
54451 323
54467 306
54483 284
54500 273
54516 251
54532 211
54549 202
54565 183
54581 174
54598 152
54614 137
54630 135
54647 115
54663 94
54679 115
54696 111
54712 120
54728 109
54745 115
54761 111
54777 114
54794 131
54810 111
54826 119
54843 117
54859 128
54875 129
54892 132
54908 134
54924 165
54941 134
54957 145
54973 134
54991 139
55007 153
55023 144
55040 159
55056 168
55072 182
55089 171
55105 163
55121 183
55138 194
55154 194
55170 152
55187 204
55203 206
55219 207
55236 217
55252 230
55268 222
55285 239
55301 261
55317 251
55334 262
55350 254
55366 273
55383 279
55399 289
55415 298
55432 304
55448 321
55464 326
55481 338
55497 344
55513 358
55530 363
55546 380
55562 391
55579 399
55595 410
55611 421
55628 432
55644 450
55660 453
55677 470
55693 483
55709 483
55726 499
55742 518
55758 526
55775 547
55791 564
55807 576
55824 588
55840 601
55856 615
55873 607
55889 645
55905 652
55922 675
55938 689
55954 701
55971 724
55988 745
56004 755
56021 759
56037 769
56053 787
56070 815
56086 818
56102 844
56119 858
56135 890
56151 895
56168 913
56184 927
56200 943
56217 961
56233 968
56249 980
56266 1007
56282 1024
56298 1039
56315 1058
56331 1066
56347 1094
56364 1108
56380 1117
56396 1133
56413 1146
56429 1172
56445 1183
56462 1201
56478 1216
56494 1229
56511 1253
56527 1267
56543 1284
56560 1289
56576 1316
56592 1325
56609 1342
56625 1364
56641 1372
56658 1393
56674 1406
56690 1441
56707 1434
56723 1454
56739 1462
56756 1469
56772 1485
56788 1497
56805 1513
56821 1492
56837 1545
56854 1554
56870 1579
56886 1583
56903 1605
56919 1611
56935 1623
56952 1636
56968 1648
56986 1647
57002 1673
57018 1677
57035 1683
57051 1701
57067 1746
57084 1716
57100 1737
57116 1743
57133 1750
57149 1749
57165 1763
57182 1774
57198 1802
57214 1793
57231 1803
57247 1796
57263 1818
57280 1826
57296 1833
57312 1834
57329 1835
57345 1835
57361 1849
57378 1873
57394 1856
57410 1867
57427 1867
57443 1872
57459 1874
57476 1865
57492 1880
57508 1866
57525 1881
57541 1884
57557 1881
57574 1892
57590 1889
57606 1893
57623 1890
57639 1907
57655 1902
57672 1884
57688 1885
57704 1885
57721 1884
57737 1880
57753 1875
57770 1870
57786 1867
57802 1864
57819 1865
57835 1850
57851 1845
57868 1842
57884 1836
57900 1835
57917 1826
57933 1830
57949 1814
57966 1819
57984 1805
58001 1793
58017 1781
58033 1782
58050 1768
58066 1759
58082 1749
58099 1739
58115 1726
58131 1721
58148 1694
58164 1700
58180 1677
58197 1690
58213 1662
58229 1643
58246 1642
58262 1624
58278 1616
58295 1602
58311 1589
58327 1484
58344 1556
58360 1534
58376 1523
58393 1513
58409 1498
58425 1475
58442 1463
58458 1446
58474 1430
58491 1417
58507 1382
58523 1376
58540 1354
58556 1339
58572 1327
58589 1305
58605 1294
58621 1273
58638 1257
58654 1241
58670 1208
58687 1209
58703 1179
58719 1153
58736 1142
58752 1118
58768 1103
58785 1077
58801 1060
58817 1037
58834 1016
58850 998
58866 975
58883 950
58899 930
58915 901
58932 894
58948 868
58964 854
58981 835
58998 806
59014 782
59031 761
59047 741
59063 728
59080 691
59096 679
59112 655
59129 622
59145 600
59161 585
59178 565
59194 552
59210 504
59227 499
59243 469
59259 454
59276 434
59292 409
59308 398
59325 368
59341 350
59357 321
59374 313
59390 282
59406 271
59423 241
59439 223
59455 173
59472 188
59488 164
59504 157
59521 141
59537 134
59553 125
59570 94
59586 83
59602 110
59619 110
59635 119
59651 111
59668 119
59684 115
59700 116
59717 154
59733 126
59749 115
59766 123
59782 115
59798 143
59815 130
59831 142
59847 161
59864 142
59880 149
59896 151
59913 179
59929 157
59945 153
59962 159
59978 161
59995 170
60012 177
60028 179
60044 195
60061 182
60077 197
60093 221
60110 224
60126 204
60142 224
60159 221
60175 230
60191 235
60208 242
60224 246
60240 257
60257 264
60273 270
60289 280
60306 285
60322 288
60338 303
60355 311
60371 325
60387 333
60404 339
60420 350
60436 354
60453 373
60469 377
60485 391
60502 410
60518 409
60534 388
60551 436
60567 463
60583 461
60600 472
60616 487
60632 497
60649 524
60665 538
60681 532
60698 548
60714 563
60730 589
60747 596
60763 607
60779 609
60796 642
60812 652
60828 660
60845 681
60861 692
60877 704
60894 723
60910 739
60926 753
60943 767
60959 779
60975 799
60993 814
61009 811
61025 845
61042 864
61058 873
61074 898
61091 908
61107 933
61123 948
61140 964
61156 979
61172 986
61189 1001
61205 1026
61221 1155
61238 1058
61254 1074
61270 1091
61287 1103
61303 1116
61319 1136
61336 1152
61352 1146
61368 1177
61385 1194
61401 1205
61417 1225
61434 1252
61450 1262
61466 1288
61483 1292
61499 1303
61515 1324
61532 1330
61548 1357
61564 1376
61581 1376
61597 1397
61613 1415
61630 1434
61646 1439
61662 1453
61679 1469
61695 1479
61711 1487
61728 1505
61744 1515
61760 1538
61777 1559
61793 1570
61809 1572
61826 1590
61842 1587
61858 1603
61875 1620
61891 1633
61907 1647
61924 1657
61940 1661
61956 1674
61973 1684
61990 1693
62007 1706
62023 1714
62039 1707
62056 1737
62072 1721
62088 1746
62105 1759
62121 1764
62137 1777
62154 1781
62170 1814
62186 1798
62203 1809
62219 1809
62235 1809
62252 1820
62268 1821
62284 1834
62301 1808
62317 1834
62333 1859
62350 1848
62366 1846
62382 1854
62399 1852
62415 1856
62431 1868
62448 1854
62464 1862
62480 1850
62497 1871
62513 1864
62529 1871
62546 1867
62562 1861
62578 1871
62595 1863
62611 1860
62627 1857
62644 1855
62660 1850
62676 1853
62693 1853
62709 1836
62725 1840
62742 1818
62758 1832
62774 1819
62791 1816
62807 1810
62823 1811
62840 1803
62856 1810
62872 1834
62889 1784
62905 1759
62921 1758
62938 1761
62954 1751
62970 1744
62988 1737
63004 1725
63020 1708
63037 1695
63053 1689
63069 1684
63086 1674
63102 1645
63118 1643
63135 1622
63151 1620
63167 1601
63184 1595
63200 1587
63216 1573
63233 1566
63249 1542
63265 1532
63282 1518
63298 1505
63314 1488
63331 1472
63347 1455
63363 1444
63380 1432
63396 1410
63412 1393
63429 1371
63445 1365
63461 1333
63478 1328
63494 1305
63510 1283
63527 1271
63543 1250
63559 1388
63576 1220
63592 1200
63608 1178
63625 1162
63641 1140
63657 1119
63674 1102
63690 1072
63706 1060
63723 1040
63739 1019
63755 1000
63772 981
63788 961
63804 942
63821 944
63837 890
63853 875
63870 853
63886 836
63902 811
63919 804
63935 775
63951 743
63968 730
63985 709
64001 688
64018 664
64034 641
64050 625
64067 599
64083 572
64099 557
64116 530
64132 517
64148 490
64165 459
64181 450
64197 401
64214 406
64230 387
64246 363
64263 347
64279 330
64295 306
64312 280
64328 267
64344 244
64361 225
64377 293
64393 185
64410 168
64426 159
64442 145
64459 134
64475 126
64491 121
64508 122
64524 108
64540 118
64557 107
64573 111
64589 114
64606 112
64622 127
64638 99
64655 122
64671 125
64687 131
64704 130
64720 131
64736 134
64753 135
64769 114
64785 145
64802 146
64818 138
64834 154
64851 153
64867 162
64883 174
64900 165
64916 168
64932 172
64949 177
64965 183
64981 192
64999 199
65015 208
65032 206
65048 213
65064 222
65081 235
65097 231
65113 238
65130 245
65146 245
65162 259
65179 264
65195 271
65211 282
65228 274
65244 291
65260 298
65277 321
65293 320
65309 329
65326 349
65342 352
65358 371
65375 373
65391 380
65407 396
65424 400
65440 444
65456 426
65473 441
65489 452
65505 466
65522 477
65538 489
65554 499
65571 515
65587 516
65603 532
65620 554
65636 563
65652 586
65669 588
65685 614
65701 611
65718 640
65734 655
65750 732
65767 670
65783 696
65799 705
65816 722
65832 745
65848 757
65865 768
65881 783
65897 801
65914 816
65930 836
65946 849
65963 855
65979 879
65995 892
66012 913
66028 925
66044 949
66061 962
66077 982
66093 991
66110 1001
66126 1034
66142 1035
66159 1062
66175 1079
66191 1087
66208 1109
66224 1121
66240 1137
66257 1155
66273 1163
66289 1185
66306 1200
66322 1218
66338 1230
66355 1243
66371 1265
66387 1274
66404 1259
66420 1314
66436 1336
66453 1351
66469 1362
66485 1375
66502 1386
66518 1402
66534 1427
66551 1427
66567 1449
66583 1454
66600 1477
66616 1487
66632 1499
66649 1515
66665 1511
66681 1549
66698 1549
66714 1568
66730 1574
66747 1585
66763 1608
66779 1618
66796 1633
66812 1639
66828 1647
66845 1669
66861 1669
66877 1681
66894 1694
66910 1704
66926 1713
66943 1723
66959 1733
66975 1741
66993 1751
67009 1752
67026 1767
67042 1763
67059 1785
67075 1789
67092 1796
67108 1807
67124 1809
67141 1824
67157 1826
67174 1825
67190 1836
67207 1844
67223 1816
67239 1853
67256 1855
67272 1861
67289 1863
67305 1862
67322 1868
67338 1861
67354 1869
67371 1871
67387 1879
67404 1858
67420 1883
67437 1882
67453 1883
67469 1893
67486 1884
67502 1877
67519 1880
67535 1900
67552 1873
67568 1874
67584 1871
67601 1869
67617 1864
67634 1863
67650 1850
67667 1851
67683 1836
67699 1844
67716 1835
67732 1840
67749 1837
67765 1812
67782 1814
67798 1813
67814 1804
67831 1789
67847 1791
67864 1778
67880 1772
67897 1770
67913 1746
67929 1746
67946 1732
67962 1724
67979 1716
67995 1691
68012 1690
68028 1678
68045 1682
68061 1661
68078 1646
68094 1635
68110 1620
68127 1608
68143 1577
68160 1582
68176 1563
68193 1556
68209 1538
68225 1526
68242 1507
68258 1493
68275 1490
68291 1452
68308 1442
68324 1419
68340 1410
68357 1391
68373 1382
68390 1362
68406 1344
68423 1324
68439 1308
68455 1292
68472 1274
68488 1253
68505 1239
68521 1217
68538 1191
68554 1167
68570 1156
68587 1129
68603 1119
68620 1095
68636 1075
68653 1059
68669 1036
68685 1032
68702 1000
68718 979
68735 958
68751 937
68768 918
68784 897
68800 875
68817 843
68833 829
68850 807
68866 789
68883 767
68899 771
68915 723
68932 694
68948 679
68965 648
68981 644
68999 606
69015 599
69032 567
69048 546
69065 525
69081 504
69097 485
69114 458
69130 438
69147 418
69163 396
69180 376
69196 352
69212 336
69229 314
69245 292
69262 271
69278 248
69295 229
69311 209
69327 197
69344 177
69360 158
69377 149
69393 136
69410 127
69426 121
69442 116
69459 110
69475 114
69492 113
69508 140
69525 119
69541 114
69557 112
69574 101
69590 120
69607 127
69623 123
69640 125
69656 130
69672 135
69689 133
69705 141
69722 141
69738 148
69755 148
69771 150
69787 155
69804 164
69820 118
69837 163
69853 171
69870 174
69886 179
69902 186
69919 189
69935 195
69952 197
69968 212
69986 208
70002 218
70019 219
70035 228
70051 235
70068 237
70084 250
70101 258
70117 194
70134 285
70150 278
70166 291
70183 301
70199 302
70216 312
70232 321
70249 337
70265 347
70281 357
70298 360
70314 376
70331 381
70347 398
70364 407
70380 421
70396 435
70413 442
70429 452
70446 469
70462 482
70479 488
70495 495
70511 513
70528 527
70544 545
70561 556
70577 580
70594 591
70610 609
70626 616
70643 633
70659 645
70676 661
70692 674
70709 692
70725 709
70741 727
70758 740
70774 749
70791 765
70807 767
70824 795
70840 808
70856 829
70873 865
70889 872
70906 881
70922 1050
70939 915
70955 932
70971 942
70989 958
71005 974
71022 992
71038 1013
71055 1031
71071 1043
71088 1068
71104 1080
71120 1088
71137 1107
71153 1126
71170 1142
71186 1166
71203 1179
71219 1221
71235 1233
71252 1225
71268 1239
71285 1257
71301 1277
71318 1289
71334 1308
71350 1320
71367 1338
71383 1356
71400 1366
71416 1384
71433 1390
71449 1409
71465 1423
71482 1446
71498 1453
71515 1474
71531 1484
71548 1504
71564 1517
71580 1527
71597 1543
71613 1557
71630 1568
71646 1583
71663 1603
71679 1605
71695 1622
71712 1618
71728 1653
71745 1653
71761 1665
71778 1662
71794 1710
71810 1701
71827 1722
71843 1730
71860 1739
71876 1745
71893 1764
71909 1761
71925 1769
71942 1774
71958 1793
71975 1791
71992 1799
72009 1807
72025 1819
72042 1828
72058 1833
72074 1839
72091 1841
72107 1852
72124 1864
72140 1874
72157 1871
72173 1875
72189 1879
72206 1886
72222 1889
72239 1888
72255 1897
72272 1900
72288 1891
72304 1903
72321 1903
72337 1905
72354 1904
72370 1889
72387 1899
72403 1917
72419 1905
72436 1899
72452 1902
72469 1904
72485 1903
72502 1898
72518 1894
72534 1895
72551 1889
72567 1894
72584 1879
72600 1882
72617 1868
72633 1872
72649 1855
72666 1849
72682 1847
72699 1841
72715 1831
72732 1826
72748 1824
72764 1823
72781 1813
72797 1805
72814 1794
72830 1783
72847 1770
72863 1766
72879 1755
72896 1749
72912 1738
72929 1730
72945 1715
72962 1704
72978 1691
72996 1666
73012 1661
73028 1641
73045 1641
73061 1622
73078 1615
73094 1603
73111 1583
73127 1571
73143 1559
73160 1538
73176 1526
73193 1513
73209 1511
73226 1477
73242 1461
73258 1445
73275 1432
73291 1412
73308 1392
73324 1372
73341 1354
73357 1336
73373 1331
73390 1312
73406 1285
73423 1272
73439 1244
73456 1273
73472 1207
73488 1188
73505 1169
73521 1147
73538 1129
73554 1105
73571 1086
73587 1119
73603 1046
73620 1021
73636 999
73653 978
73669 957
73686 930
73702 919
73718 904
73735 880
73751 846
73768 815
73784 821
73801 783
73817 774
73833 750
73850 726
73866 705
73883 646
73899 657
73916 632
73932 616
73948 601
73965 566
73981 548
73999 525
74015 510
74032 486
74048 467
74065 440
74081 417
74097 396
74114 380
74130 344
74147 330
74163 313
74180 286
74196 281
74212 247
74229 227
74245 199
74262 181
74278 166
74295 153
74311 143
74327 135
74344 127
74360 123
74377 117
74393 119
74410 119
74426 121
74442 114
74459 114
74475 117
74492 113
74508 76
74525 119
74541 123
74557 135
74574 118
74590 131
74607 113
74623 137
74640 140
74656 148
74672 151
74689 189
74705 160
74722 162
74738 156
74755 171
74771 175
74787 170
74804 181
74820 224
74837 186
74853 188
74870 198
74886 205
74902 196
74919 209
74935 215
74952 226
74968 225
74986 246
75002 238
75019 247
75035 257
75051 262
75068 268
75084 283
75101 291
75117 287
75134 308
75150 315
75166 324
75183 337
75199 334
75216 355
75232 355
75249 384
75265 384
75281 406
75298 426
75314 428
75331 429
75347 443
75364 460
75380 468
75396 481
75413 497
75429 512
75446 514
75462 535
75479 549
75495 562
75511 575
75528 589
75544 601
75561 629
75577 632
75594 657
75610 649
75626 681
75643 695
75659 712
75676 725
75692 740
75709 755
75725 769
75741 824
75758 800
75774 822
75791 834
75807 881
75824 863
75840 871
75856 893
75873 900
75889 931
75906 943
75922 968
75939 982
75955 1008
75971 1011
75989 1034
76005 1044
76022 1063
76038 1091
76055 1096
76071 1112
76088 1128
76104 1146
76120 1162
76137 1161
76153 1194
76170 1213
76186 1228
76203 1237
76219 1274
76235 1278
76252 1295
76268 1305
76285 1322
76301 1347
76318 1351
76334 1366
76350 1381
76367 1399
76383 1409
76400 1430
76416 1441
76433 1459
76449 1473
76465 1485
76482 1505
76498 1508
76515 1528
76531 1559
76548 1557
76564 1568
76580 1585
76597 1591
76613 1602
76630 1624
76646 1621
76663 1643
76679 1654
76695 1664
76712 1683
76728 1685
76745 1701
76761 1712
76778 1705
76794 1724
76810 1695
76827 1747
76843 1753
76860 1768
76876 1773
76893 1792
76909 1783
76925 1799
76942 1812
76958 1808
76975 1814
76992 1814
77009 1841
77025 1841
77042 1845
77058 1853
77074 1831
77091 1842
77107 1863
77124 1866
77140 1887
77157 1885
77173 1879
77189 1884
77206 1885
77222 1885
77239 1884
77255 1890
77272 1892
77288 1888
77304 1890
77321 1891
77337 1895
77354 1886
77370 1886
77387 1888
77403 1875
77419 1884
77436 1875
77452 1879
77469 1872
77485 1877
77502 1869
77518 1870
77534 1867
77551 1853
77567 1852
77584 1845
77600 1834
77617 1835
77633 1824
77649 1821
77666 1815
77682 1802
77699 1787
77715 1787
77732 1778
77748 1770
77764 1755
77781 1751
77797 1749
77814 1715
77830 1732
77847 1712
77863 1696
77879 1691
77896 1676
77912 1656
77929 1651
77945 1636
77962 1615
77978 1614
77996 1598
78012 1583
78028 1568
78045 1547
78061 1539
78078 1524
78094 1518
78111 1498
78127 1483
78143 1507
78160 1447
78176 1429
78193 1413
78209 1397
78226 1400
78242 1363
78258 1343
78275 1366
78291 1309
78308 1281
78324 1273
78341 1234
78357 1235
78373 1209
78390 1195
78406 1194
78423 1159
78439 1139
78456 1089
78472 1101
78488 1082
78505 1055
78521 1039
78538 1020
78554 990
78571 973
78587 941
78603 930
78620 907
78636 886
78653 864
78669 842
78686 816
78702 796
78718 778
78735 765
78751 737
78768 714
78784 681
78801 672
78817 655
78833 623
78850 602
78866 583
78883 563
78899 540
78916 517
78932 488
78948 473
78965 450
78981 421
78999 400
79015 382
79032 358
79048 332
79065 318
79081 304
79097 282
79114 244
79130 238
79147 225
79163 190
79180 179
79196 127
79212 148
79229 138
79245 126
79262 124
79278 99
79295 117
79311 111
79327 115
79344 112
79360 118
79377 216
79393 120
79410 119
79426 120
79442 123
79459 123
79475 132
79492 133
79508 180
79525 149
79541 142
79557 139
79574 146
79590 148
79607 142
79623 153
79640 154
79656 167
79672 160
79689 168
79705 177
79722 177
79738 183
79755 189
79771 196
79787 199
79804 229
79820 206
79837 218
79853 220
79870 228
79886 236
79902 234
79919 250
79935 252
79952 254
79968 267
79986 283
80002 289
80019 290
80035 302
80051 311
80068 318
80084 346
80101 338
80117 355
80134 363
80150 364
80166 386
80183 389
80199 401
80216 410
80232 421
80249 426
80265 446
80281 458
80298 476
80314 489
80331 498
80347 510
80364 525
80380 539
80396 551
80413 569
80429 607
80446 594
80462 607
80479 613
80495 632
80511 647
80528 663
80544 660
80561 676
80577 702
80594 724
80610 732
80626 764
80643 772
80659 785
80676 801
80692 818
80709 834
80725 848
80741 839
80758 880
80774 895
80791 906
80807 927
80824 936
80840 958
80856 975
80873 966
80889 1002
80906 1021
80922 1038
80939 1064
80955 1078
80971 1096
80989 1107
81005 1125
81022 1139
81038 1156
81055 1167
81071 1189
81088 1204
81104 1218
81120 1233
81137 1248
81153 1262
81170 1280
81186 1290
81203 1306
81219 1322
81235 1338
81252 1361
81268 1374
81285 1388
81301 1404
81318 1417
81334 1430
81350 1444
81367 1458
81383 1471
81400 1492
81416 1499
81433 1514
81449 1522
81465 1539
81482 1527
81498 1566
81515 1574
81531 1591
81548 1602
81564 1622
81580 1625
81597 1641
81613 1651
81630 1661
81646 1667
81663 1671
81679 1695
81695 1702
81712 1713
81728 1719
81745 1727
81761 1739
81778 1745
81794 1762
81810 1751
81827 1768
81843 1775
81860 1785
81876 1784
81893 1805
81909 1807
81925 1810
81942 1818
81958 1822
81975 1828
81992 1830
82009 1837
82025 1841
82042 1858
82058 1875
82074 1852
82091 1859
82107 1845
82124 1856
82140 1846
82157 1862
82173 1857
82189 1873
82206 1874
82222 1870
82239 1866
82255 1868
82272 1864
82288 1865
82304 1860
82321 1861
82337 1860
82354 1854
82370 1857
82387 1846
82403 1850
82419 1840
82436 1837
82452 1833
82469 1827
82485 1822
82502 1826
82518 1826
82534 1804
82551 1798
82567 1795
82584 1773
82600 1783
82617 1776
82633 1757
82649 1756
82666 1746
82682 1731
82699 1727
82715 1706
82732 1709
82748 1677
82764 1684
82781 1670
82797 1652
82814 1646
82830 1644
82847 1617
82863 1622
82879 1607
82896 1589
82912 1572
82929 1565
82945 1548
82962 1533
82978 1520
82996 1505
83012 1487
83028 1472
83045 1439
83061 1438
83078 1420
83094 1406
83111 1391
83127 1386
83143 1318
83160 1364
83176 1332
83193 1295
83209 1290
83226 1271
83242 1254
83258 1235
83275 1216
83291 1196
83308 1177
83324 1157
83341 1137
83357 1119
83373 1101
83390 1074
83406 1055
83423 1083
83439 1016
83456 1006
83472 982
83488 960
83505 941
83521 921
83538 895
83554 878
83571 849
83587 836
83603 833
83620 789
83636 784
83653 749
83669 724
83686 682
83702 684
83718 658
83735 630
83751 615
83768 602
83784 570
83801 568
83817 531
83833 513
83850 490
83866 430
83883 445
83899 424
83916 408
83932 382
83948 360
83965 338
83981 319
83999 293
84015 284
84032 250
84048 234
84065 275
84081 201
84097 183
84114 160
84130 149
84147 142
84163 132
84180 125
84196 161
84212 116
84229 111
84245 107
84262 108
84278 112
84295 119
84311 112
84327 118
84344 121
84360 127
84377 126
84393 131
84410 137
84426 127
84442 138
84459 138
84475 155
84492 151
84508 152
84525 163
84541 156
84557 171
84574 162
84590 165
84607 169
84623 174
84640 173
84656 177
84672 192
84689 161
84705 210
84722 210
84738 217
84755 215
84771 224
84787 231
84804 238
84820 258
84837 249
84853 256
84870 258
84886 273
84902 278
84919 288
84935 295
84952 281
84968 308
84986 321
85002 329
85019 346
85035 351
85051 360
85068 371
85084 380
85101 391
85117 442
85134 415
85150 427
85166 435
85183 448
85199 459
85216 471
85232 489
85249 482
85265 508
85281 529
85298 534
85314 548
85331 572
85347 580
85364 593
85380 607
85396 625
85413 637
85429 620
85446 663
85462 679
85479 677
85495 710
85511 728
85528 739
85544 754
85561 752
85577 784
85594 798
85610 807
85626 830
85643 845
85659 863
85676 885
85692 893
85709 913
85725 926
85741 954
85758 959
85774 975
85791 993
85807 1010
85824 1023
85840 1039
85856 1058
85873 1075
85889 1087
85906 1110
85922 1134
85939 1141
85955 1152
85971 1175
85989 1189
86005 1202
86022 1218
86038 1241
86055 1248
86071 1265
86088 1282
86104 1298
86120 1314
86137 1325
86153 1344
86170 1361
86186 1373
86203 1390
86219 1413
86235 1411
86252 1432
86268 1442
86285 1460
86301 1478
86318 1487
86334 1502
86350 1519
86367 1527
86383 1543
86400 1556
86416 1569
86433 1584
86449 1592
86465 1605
86482 1624
86498 1625
86515 1640
86531 1647
86548 1662
86564 1675
86580 1685
86597 1710
86613 1685
86630 1715
86646 1722
86663 1720
86679 1742
86695 1746
86712 1764
86728 1769
86745 1777
86761 1788
86778 1790
86794 1789
86810 1808
86827 1810
86843 1822
86860 1816
86876 1826
86893 1835
86909 1848
86925 1847
86942 1854
86958 1852
86975 1859
86992 1860
87009 1862
87025 1868
87042 1881
87058 1872
87074 1878
87091 1890
87107 1877
87124 1878
87140 1880
87157 1873
87173 1873
87189 1875
87206 1876
87222 1878
87239 1878
87255 1874
87272 1869
87288 1866
87304 1865
87321 1860
87337 1858
87354 1843
87370 1851
87387 1842
87403 1830
87419 1835
87436 1829
87452 1802
87469 1813
87485 1812
87502 1800
87518 1793
87534 1836
87551 1787
87567 1775
87584 1766
87600 1758
87617 1744
87633 1736
87649 1723
87666 1717
87682 1701
87699 1692
87715 1672
87732 1673
87748 1660
87764 1649
87781 1637
87797 1618
87814 1606
87830 1600
87847 1552
87863 1579
87879 1562
87896 1557
87912 1528
87929 1514
87945 1497
87962 1483
87978 1467
87996 1441
88012 1438
88028 1413
88045 1402
88061 1382
88078 1356
88094 1348
88111 1323
88127 1315
88143 1263
88160 1283
88176 1264
88193 1238
88209 1220
88226 1207
88242 1185
88258 1166
88275 1143
88291 1126
88308 1107
88324 1087
88341 1063
88357 1046
88373 1031
88390 1004
88406 984
88423 969
88439 944
88456 919
88472 908
88488 888
88505 870
88521 838
88538 818
88554 787
88571 776
88587 755
88603 731
88620 711
88636 692
88653 668
88669 633
88686 630
88702 605
88718 571
88735 559
88751 541
88768 532
88784 496
88801 484
88817 455
88833 434
88850 412
88866 391
88883 365
88899 351
88916 325
88932 306
88948 320
88965 259
88981 241
88999 223
89015 189
89032 186
89048 165
89065 169
89081 141
89097 138
89114 138
89130 126
89147 117
89163 119
89180 115
89196 121
89212 117
89229 120
89245 130
89262 119
89278 122
89295 120
89311 128
89327 129
89344 122
89360 128
89377 133
89393 139
89410 138
89426 153
89442 151
89459 151
89475 155
89492 157
89508 161
89525 166
89541 161
89557 174
89574 185
89590 185
89607 191
89623 191
89640 198
89656 194
89672 206
89689 209
89705 193
89722 224
89738 237
89755 244
89771 252
89787 254
89804 262
89820 270
89837 277
89853 285
89870 291
89886 337
89902 309
89919 319
89935 319
89952 344
89968 348
89986 358
90002 368
90019 375
90035 404
90051 403
90068 425
90084 424
90101 442
90117 427
90134 463
90150 491
90166 482
90183 499
90199 516
90216 524
90232 537
90249 539
90265 566
90281 566
90298 593
90314 603
90331 620
90347 630
90364 658
90380 668
90396 684
90413 692
90429 734
90446 732
90462 742
90479 749
90495 776
90511 765
90528 806
90544 824
90561 839
90577 854
90594 868
90610 889
90626 912
90643 917
90659 933
90676 955
90692 968
90709 985
90725 1000
90741 1015
90758 1029
90774 1050
90791 1073
90807 1081
90824 1101
90840 1117
90856 1132
90873 1149
90889 1165
90906 1182
90922 1186
90939 1210
90955 1224
90971 1248
90989 1262
91005 1278
91022 1293
91038 1318
91055 1327
91071 1340
91088 1364
91104 1367
91120 1391
91137 1403
91153 1423
91170 1435
91186 1452
91203 1464
91219 1456
91235 1492
91252 1501
91268 1520
91285 1530
91301 1553
91318 1558
91334 1582
91350 1555
91367 1600
91383 1624
91400 1615
91416 1629
91433 1648
91449 1664
91465 1674
91482 1679
91498 1693
91515 1707
91531 1721
91548 1729
91564 1732
91580 1741
91597 1754
91613 1767
91630 1779
91646 1778
91663 1711
91679 1798
91695 1800
91712 1822
91728 1820
91745 1832
91761 1837
91778 1838
91794 1850
91810 1854
91827 1860
91843 1860
91860 1854
91876 1871
91893 1874
91909 1881
91925 1882
91942 1894
91958 1894
91975 1897
91992 1897
92009 1901
92025 1905
92042 1905
92058 1906
92074 1904
92091 1897
92107 1900
92124 1933
92140 1904
92157 1870
92173 1899
92189 1894
92206 1896
92222 1964
92239 1901
92255 1885
92272 1890
92288 1881
92304 1875
92321 1889
92337 1877
92354 1858
92370 1853
92387 1848
92403 1835
92419 1838
92436 1827
92452 1822
92469 1820
92485 1795
92502 1796
92518 1799
92534 1759
92551 1767
92567 1767
92584 1754
92600 1742
92617 1733
92633 1715
92649 1709
92666 1697
92682 1683
92699 1672
92715 1679
92732 1647
92748 1634
92764 1612
92781 1610
92797 1590
92814 1577
92830 1567
92847 1546
92863 1527
92879 1525
92896 1512
92912 1498
92929 1478
92945 1451
92962 1435
92978 1431
92996 1401
93012 1387
93028 1363
93045 1352
93061 1331
93078 1315
93094 1293
93111 1280
93127 1252
93143 1260
93160 1218
93176 1210
93193 1184
93209 1158
93226 1141
93242 1122
93258 1099
93275 1086
93291 1054
93308 1033
93324 1023
93341 995
93357 977
93373 955
93390 936
93406 916
93423 872
93439 880
93456 839
93472 832
93488 802
93505 812
93521 746
93538 736
93554 721
93571 695
93587 672
93603 659
93620 630
93636 609
93653 585
93669 545
93686 547
93702 517
93718 500
93735 474
93751 456
93768 427
93784 406
93801 386
93817 362
93833 350
93850 326
93866 294
93883 285
93899 263
93916 245
93932 219
93948 208
93965 185
93981 168
93999 152
94015 138
94032 133
94048 127
94065 123
94081 111
94097 116
94114 114
94130 117
94147 117
94163 120
94180 110
94196 64
94212 123
94229 136
94245 123
94262 130
94278 131
94295 134
94311 135
94327 136
94344 132
94360 124
94377 146
94393 153
94410 152
94426 162
94442 173
94459 166
94475 163
94492 173
94508 210
94525 176
94541 188
94557 191
94574 196
94590 205
94607 221
94623 214
94640 217
94656 226
94672 233
94689 230
94705 242
94722 248
94738 261
94755 264
94771 280
94787 286
94804 298
94820 313
94837 314
94853 319
94870 338
94886 340
94902 354
94919 359
94935 371
94952 380
94968 390
94986 397
95002 412
95019 418
95035 438
95051 444
95068 466
95084 475
95101 497
95117 444
95134 515
95150 532
95166 529
95183 561
95199 567
95216 581
95232 591
95249 611
95265 622
95281 638
95298 646
95314 668
95331 678
95347 694
95364 708
95380 736
95396 746
95413 744
95429 804
95446 793
95462 803
95479 818
95495 839
95511 847
95528 865
95544 886
95561 903
95577 922
95594 936
95610 953
95626 947
95643 983
95659 991
95676 1017
95692 1027
95709 1057
95725 1066
95741 1073
95758 1108
95774 1132
95791 1115
95807 1148
95824 1183
95840 1187
95856 1200
95873 1213
95889 1228
95906 1245
95922 1267
95939 1277
95955 1294
95971 1306
95989 1316
96005 1349
96022 1359
96038 1361
96055 1387
96071 1403
96088 1409
96104 1435
96120 1468
96137 1460
96153 1482
96170 1485
96186 1501
96203 1516
96219 1528
96235 1545
96252 1558
96268 1568
96285 1581
96301 1600
96318 1605
96334 1626
96350 1551
96367 1642
96383 1658
96400 1674
96416 1679
96433 1693
96449 1701
96465 1714
96482 1724
96498 1731
96515 1743
96531 1743
96548 1763
96564 1749
96580 1778
96597 1782
96613 1797
96630 1798
96646 1817
96663 1830
96679 1826
96695 1829
96712 1836
96728 1841
96745 1850
96761 1855
96778 1862
96794 1860
96810 1867
96827 1874
96843 1877
96860 1879
96876 1880
96893 1872
96909 1883
96925 1882
96942 1893
96958 1885
96975 1898
96992 1895
97009 1895
97025 1896
97042 1891
97058 1894
97074 1892
97091 1885
97107 1887
97124 1881
97140 1880
97157 1877
97173 1880
97189 1868
97206 1868
97222 1867
97239 1862
97255 1853
97272 1853
97288 1850
97304 1813
97321 1825
97337 1828
97354 1828
97370 1813
97387 1808
97403 1820
97419 1792
97436 1783
97452 1765
97469 1765
97485 1755
97502 1743
97518 1736
97534 1719
97551 1708
97567 1700
97584 1708
97600 1680
97617 1668
97633 1653
97649 1639
97666 1627
97682 1617
97699 1600
97715 1550
97732 1573
97748 1558
97764 1544
97781 1530
97797 1512
97814 1496
97830 1461
97847 1456
97863 1443
97879 1433
97896 1408
97912 1403
97929 1380
97945 1368
97962 1342
97978 1328
97996 1303
98012 1284
98028 1268
98045 1250
98061 1229
98078 1215
98094 1192
98111 1173
98127 1138
98143 1109
98160 1107
98176 1092
98193 1070
98209 1056
98226 1034
98242 1003
98258 986
98275 967
98291 946
98308 926
98324 904
98341 875
98357 862
98373 839
98390 817
98406 793
98423 770
98439 751
98456 730
98472 705
98488 680
98505 665
98521 638
98538 625
98554 602
98571 579
98587 555
98603 532
98620 509
98636 504
98653 466
98669 442
98686 422
98702 391
98718 378
98735 356
98751 334
98768 291
98784 292
98801 268
98817 238
98833 225
98850 218
98866 183
98883 178
98899 154
98916 139
98932 133
98948 141
98965 121
98981 120
98999 111
99015 117
99032 112
99048 114
99065 116
99081 113
99097 115
99114 112
99130 120
99147 133
99163 128
99180 118
99196 175
99212 134
99229 142
99245 134
99262 148
99278 149
99295 147
99311 154
99327 154
99344 159
99360 162
99377 169
99393 161
99410 173
99426 184
99442 186
99459 186
99475 199
99492 208
99508 196
99525 212
99541 200
99557 216
99574 231
99590 235
99607 243
99623 249
99640 253
99656 263
99672 269
99689 304
99705 287
99722 296
99738 299
99755 309
99771 321
99787 341
99804 345
99820 337
99837 358
99853 372
99870 391
99886 393
99902 409
99919 415
99935 425
99952 438
99968 451
99986 465
100002 475
100019 481
100035 493
100051 512
100068 526
100084 536
100101 553
100117 620
100134 589
100150 597
100166 620
100183 622
100199 637
100216 648
100232 666
100249 683
100265 694
100281 709
100298 723
100314 741
100331 742
100347 767
100364 781
100380 805
100396 812
100413 842
100429 849
100446 875
100462 887
100479 896
100495 912
100511 929
100528 947
100544 963
100561 980
100577 1003
100594 1010
100610 1024
100626 1043
100643 1060
100659 1078
100676 1090
100692 1105
100709 1123
100725 1137
100741 1189
100758 1177
100774 1191
100790 1211
100806 1207
100823 1239
100839 1252
100855 1267
100872 1286
100888 1309
100904 1313
100920 1333
100937 1342
100953 1359
100969 1372
100987 1387
101003 1386
101019 1423
101035 1417
101052 1444
101068 1460
101084 1468
101101 1489
101117 1526
101133 1506
101149 1536
101166 1542
101182 1554
101198 1567
101215 1576
101231 1591
101247 1602
101263 1612
101280 1625
101296 1634
101312 1646
101329 1658
101345 1669
101361 1679
101377 1687
101394 1690
101410 1706
101426 1698
101443 1723
101459 1738
101475 1740
101491 1760
101508 1801
101524 1777
101540 1766
101557 1776
101573 1795
101589 1798
101605 1807
101622 1813
101638 1816
101654 1821
101671 1828
101687 1832
101703 1834
101719 1840
101736 1843
101752 1848
101768 1850
101785 1866
101801 1853
101817 1852
101833 1860
101850 1861
101866 1928
101882 1874
101899 1873
101915 1875
101931 1871
101947 1866
101964 1869
101980 1850
101998 1865
102014 1866
102030 1861
102046 1859
102063 1859
102079 1851
102095 1853
102112 1846
102128 1841
102144 1860
102160 1828
102177 1823
102193 1818
102209 1816
102226 1810
102242 1810
102258 1802
102274 1796
102291 1786
102307 1780
102323 1773
102340 1759
102356 1751
102372 1743
102388 1735
102405 1723
102421 1715
102437 1704
102454 1700
102470 1685
102486 1669
102502 1662
102519 1650
102535 1633
102551 1626
102568 1614
102584 1598
102600 1585
102616 1574
102633 1560
102649 1546
102665 1533
102682 1508
102698 1500
102714 1433
102730 1470
102747 1455
102763 1441
102779 1424
102796 1410
102812 1391
102828 1374
102844 1353
102861 1341
102877 1323
102893 1305
102910 1288
102926 1270
102942 1250
102958 1238
102975 1215
102992 1192
103008 1172
103025 1157
103041 1145
103057 1116
103074 1098
103090 1080
103106 1059
103122 1070
103139 1014
103155 998
103171 977
103188 957
103204 941
103220 1015
103236 867
103253 883
103269 852
103285 832
103302 813
103318 792
103334 772
103350 749
103367 728
103383 705
103399 690
103416 667
103432 641
103448 623
103464 599
103481 549
103497 562
103513 541
103530 515
103546 494
103562 470
103578 452
103595 427
103611 377
103627 388
103644 366
103660 335
103676 323
103692 284
103709 275
103725 261
103741 228
103758 227
103774 205
103790 188
103806 169
103823 156
103839 151
103855 133
103872 114
103888 124
103904 118
103920 109
103937 114
103953 118
103969 114
103987 116
104003 116
104019 104
104035 109
104052 117
104068 121
104084 126
104101 125
104117 193
104133 139
104149 151
104166 135
104182 146
104198 150
104215 149
104231 154
104247 192
104263 162
104280 165
104296 166
104312 175
104329 173
104345 181
104361 185
104377 236
104394 197
104410 187
104426 207
104443 190
104459 213
104475 223
104491 225
104508 259
104524 236
104540 248
104557 269
104573 267
104589 269
104605 289
104622 289
104638 320
104654 305
104671 313
104687 324
104703 333
104719 335
104736 354
104752 365
104768 375
104785 379
104801 384
104817 411
104833 409
104850 425
104866 437
104882 446
104899 465
104915 479
104931 494
104947 500
104964 513
104980 527
104998 538
105014 550
105030 566
105046 584
105063 589
105079 609
105095 618
105112 635
105128 652
105144 605
105160 670
105177 691
105193 706
105209 721
105226 738
105242 752
105258 773
105274 782
105291 803
105307 820
105323 835
105340 847
105356 863
105372 878
105388 898
105405 906
105421 928
105437 960
105454 962
105470 976
105486 992
105502 1005
105519 1021
105535 1040
105551 1059
105568 1062
105584 1081
105600 1098
105616 1122
105633 1130
105649 1150
105665 1169
105682 1181
105698 1206
105714 1207
105730 1233
105747 1248
105763 1262
105779 1278
105796 1294
105812 1311
105828 1326
105844 1338
105861 1354
105877 1370
105893 1382
105910 1402
105926 1414
105942 1419
105958 1438
105975 1446
105992 1466
106008 1487
106025 1498
106041 1561
106057 1527
106074 1537
106090 1551
106106 1560
106122 1576
106139 1586
106155 1597
106171 1614
106188 1627
106204 1629
106220 1662
106236 1656
106253 1669
106269 1679
106285 1687
106302 1691
106318 1705
106334 1710
106350 1716
106367 1734
106383 1763
106399 1759
106416 1768
106432 1773
106448 1780
106464 1789
106481 1813
106497 1797
106513 1811
106530 1816
106546 1816
106562 1830
106578 1839
106595 1834
106611 1865
106627 1844
106644 1855
106660 1867
106676 1835
106692 1857
106709 1861
106725 1861
106741 1862
106758 1869
106774 1883
106790 1882
106806 1876
106823 1881
106839 1878
106855 1880
106872 1880
106888 1876
106904 1881
106920 1876
106937 1870
106953 1873
106969 1866
106987 1865
107003 1867
107019 1862
107035 1858
107052 1854
107068 1848
107084 1836
107101 1840
107117 1872
107133 1839
107149 1826
107166 1815
107182 1817
107198 1811
107215 1793
107231 1779
107247 1776
107263 1776
107280 1767
107296 1750
107312 1750
107329 1737
107345 1727
107361 1710
107377 1711
107394 1695
107410 1686
107426 1649
107443 1656
107459 1645
107475 1631
107491 1625
107508 1608
107524 1611
107540 1589
107557 1573
107573 1564
107589 1527
107605 1530
107622 1519
107638 1505
107654 1497
107671 1471
107687 1449
107703 1425
107719 1423
107736 1406
107752 1389
107768 1371
107785 1346
107801 1339
107817 1340
107833 1306
107850 1272
107866 1263
107882 1252
107899 1225
107915 1211
107931 1196
107947 1151
107964 1158
107980 1133
107998 1114
108014 1106
108030 1119
108046 1055
108063 1035
108079 1017
108095 997
108112 978
108128 954
108144 925
108160 916
108177 879
108193 869
108209 840
108226 830
108242 806
108258 786
108274 770
108291 745
108307 719
108323 707
108340 685
108356 655
108372 639
108388 625
108405 600
108421 577
108437 557
108454 541
108470 512
108486 491
108502 470
108519 448
108535 426
108551 406
108568 375
108584 368
108600 341
108616 320
108633 303
108649 276
108665 267
108682 244
108698 223
108714 108
108730 187
108747 176
108763 155
108779 143
108796 139
108812 126
108828 126
108844 122
108861 115
108877 119
108893 110
108910 111
108926 119
108942 116
108958 125
108975 120
108992 122
109008 120
109025 130
109041 137
109057 127
109074 137
109090 136
109106 145
109122 136
109139 154
109155 149
109171 140
109188 160
109204 171
109220 107
109236 171
109253 173
109269 177
109285 183
109302 187
109318 180
109334 194
109350 189
109367 206
109383 211
109399 219
109416 227
109432 228
109448 250
109464 244
109481 244
109497 269
109513 264
109530 269
109546 292
109562 288
109578 297
109595 307
109611 297
109627 324
109644 334
109660 347
109676 354
109692 366
109709 372
109725 383
109741 387
109758 408
109774 428
109790 454
109806 448
109823 456
109839 471
109855 484
109872 471
109888 508
109904 517
109920 535
109937 544
109953 557
109969 574
109987 592
110003 598
110019 615
110035 633
110052 645
110068 650
110084 672
110101 686
110117 690
110133 716
110149 726
110166 753
110182 759
110198 788
110215 794
110231 807
110247 833
110263 844
110280 860
110296 859
110312 890
110329 909
110345 926
110361 931
110377 957
110394 971
110410 989
110426 1007
110443 1018
110459 1032
110475 1052
110491 1057
110508 1098
110524 1097
110540 1139
110557 1133
110573 1153
110589 1167
110605 1186
110622 1206
110638 1201
110654 1227
110671 1254
110687 1255
110703 1276
110719 1301
110736 1311
110752 1328
110768 1340
110785 1356
110801 1374
110817 1390
110833 1379
110850 1414
110866 1429
110882 1444
110899 1462
110915 1473
110931 1500
110947 1511
110964 1512
110980 1541
110998 1549
111014 1565
111030 1573
111046 1589
111063 1597
111079 1614
111095 1626
111112 1638
111128 1648
111144 1651
111160 1674
111177 1683
111193 1670
111209 1695
111226 1712
111242 1721
111258 1734
111274 1743
111291 1769
111307 1768
111323 1774
111340 1780
111356 1793
111372 1806
111388 1804
111405 1812
111421 1822
111437 1822
111454 1834
111470 1840
111486 1847
111502 1857
111519 1860
111535 1861
111551 1869
111568 1872
111584 1955
111600 1885
111616 1863
111633 1884
111649 1895
111665 1892
111682 1903
111698 1897
111714 1897
111730 1906
111747 1909
111763 1902
111779 1891
111796 1898
111812 1908
111828 1902
111844 1909
111861 1904
111877 1893
111893 1897
111910 1896
111926 1885
111942 1891
111958 1887
111975 1875
111992 1873
112008 1872
112025 1866
112041 1868
112057 1860
112074 1859
112090 1769
112106 1838
112122 1829
112139 1825
112155 1822
112171 1814
112188 1816
112204 1791
112220 1766
112236 1776
112253 1769
112269 1759
112285 1743
112302 1728
112318 1729
112334 1704
112350 1685
112367 1688
112383 1680
112399 1674
112416 1646
112432 1651
112448 1633
112464 1640
112481 1562
112497 1588
112513 1578
112530 1568
112546 1547
112562 1534
112578 1513
112595 1502
112611 1480
112627 1469
112644 1452
112660 1438
112676 1419
112692 1394
112709 1385
112725 1358
112741 1307
112758 1327
112774 1313
112790 1297
112806 1283
112823 1262
112839 1242
112855 1226
112872 1183
112888 1180
112904 1157
112920 1154
112937 1125
112953 1105
112969 1084
112987 1064
113003 1046
113019 1022
113035 985
113052 976
113068 964
113084 932
113101 916
113117 929
113133 869
113149 850
113166 827
113182 816
113198 790
113215 782
113231 745
113247 725
113263 704
113280 681
113296 662
113312 639
113329 616
113345 598
113361 577
113377 589
113394 529
113410 509
113426 485
113443 466
113459 444
113475 415
113491 401
113508 407
113524 355
113540 337
113557 298
113573 294
113589 274
113605 254
113622 231
113638 200
113654 193
113671 175
113687 159
113703 147
113719 137
113736 129
113752 127
113768 114
113785 117
113801 114
113817 111
113833 118
113850 114
113866 96
113882 111
113899 104
113915 133
113931 120
113947 149
113964 136
113980 127
113998 137
114014 141
114030 153
114046 144
114063 136
114079 147
114095 154
114112 157
114128 154
114144 169
114160 165
114177 171
114193 170
114209 179
114226 179
114242 183
114258 186
114274 195
114291 201
114307 224
114323 205
114340 221
114356 229
114372 231
114388 240
114405 244
114421 255
114437 264
114454 269
114470 270
114486 289
114502 292
114519 303
114535 312
114551 316
114568 328
114584 359
114600 317
114616 352
114633 362
114649 375
114665 389
114682 397
114698 424
114714 420
114730 436
114747 461
114763 461
114779 474
114796 485
114812 497
114828 511
114844 499
114861 536
114877 550
114893 572
114910 577
114926 593
114942 605
114958 620
114975 635
114992 644
115008 660
115025 677
115041 686
115057 718
115074 727
115090 691
115106 760
115122 767
115139 790
115155 795
115171 816
115188 837
115204 846
115220 861
115236 874
115253 904
115269 910
115285 927
115302 942
115318 958
115334 976
115350 1024
115367 998
115383 1021
115399 1039
115416 1056
115432 1073
115448 1097
115464 1111
115481 1142
115497 1144
115513 1154
115530 1181
115546 1190
115562 1205
115578 1222
115595 1239
115611 1260
115627 1269
115644 1284
115660 1307
115676 1315
115692 1327
115709 1346
115725 1364
115741 1361
115758 1391
115774 1410
115790 1419
115806 1435
115823 1447
115839 1474
115855 1468
115872 1490
115888 1505
115904 1515
115920 1537
115937 1549
115953 1560
115969 1575
115987 1592
116003 1604
116019 1606
116035 1621
116052 1636
116068 1645
116084 1662
116101 1654
116117 1678
116133 1687
116149 1699
116166 1715
116182 1719
116198 1732
116215 1749
116231 1757
116247 1758
116263 1761
116280 1783
116296 1783
116312 1794
116329 1798
116345 1809
116361 1819
116377 1822
116394 1830
116410 1839
116426 1841
116443 1823
116459 1854
116475 1860
116491 1853
116508 1876
116524 1867
116540 1875
116557 1874
116573 1880
116589 1895
116605 1884
116622 1896
116638 1892
116654 1895
116671 1899
116687 1891
116703 1897
116719 1891
116736 1895
116752 1897
116768 1896
116785 1891
116801 1890
116817 1882
116833 1884
116850 1884
116866 1879
116882 1866
116899 1876
116915 1859
116931 1865
116947 1861
116964 1850
116980 1854
116998 1845
117014 1838
117030 1834
117046 1823
117063 1809
117079 1812
117095 1802
117112 1796
117128 1788
117144 1778
117160 1770
117177 1769
117193 1748
117209 1739
117226 1731
117242 1708
117258 1705
117274 1695
117291 1684
117307 1671
117323 1650
117340 1654
117356 1637
117372 1627
117388 1618
117405 1597
117421 1588
117437 1563
117454 1557
117470 1542
117486 1519
117502 1511
117519 1502
117535 1471
117551 1456
117568 1444
117584 1361
117600 1411
117616 1396
117633 1372
117649 1355
117665 1333
117682 1324
117698 1304
117714 1316
117730 1273
117747 1252
117763 1242
117779 1215
117796 1193
117812 1176
117828 1153
117844 1116
117861 1117
117877 1091
117893 1073
117910 1063
117926 1026
117942 1012
117958 993
117975 972
117992 944
118008 923
118025 899
118041 879
118057 861
118074 848
118090 985
118106 803
118122 778
118139 753
118155 719
118171 718
118188 689
118204 666
118220 651
118236 624
118253 603
118269 580
118285 552
118302 537
118318 511
118334 490
118350 489
118367 447
118383 419
118399 401
118416 379
118432 359
118448 338
118464 331
118481 302
118497 267
118513 253
118530 230
118546 221
118562 199
118578 176
118595 162
118611 140
118627 135
118644 129
118660 124
118676 116
118692 116
118709 109
118725 112
118741 109
118758 101
118774 116
118790 114
118806 119
118823 119
118839 117
118855 137
118872 51
118888 136
118904 135
118920 143
118937 139
118953 139
118969 143
118987 147
119003 149
119019 153
119035 172
119052 171
119068 164
119084 167
119101 173
119117 173
119133 199
119149 187
119166 189
119182 195
119198 201
119215 204
119231 211
119247 221
119263 223
119280 229
119296 236
119312 242
119329 246
119345 258
119361 264
119377 299
119394 280
119410 288
119426 298
119443 304
119459 314
119475 323
119491 334
119508 320
119524 352
119540 363
119557 364
119573 381
119589 395
119605 406
119622 413
119638 426
119654 441
119671 451
119687 464
119703 478
119719 487
119736 499
119752 514
119768 526
119785 541
119801 552
119817 559
119833 583
119850 594
119866 615
119882 620
119899 635
119915 651
119931 673
119947 680
119964 704
119980 709
119998 719
120014 744
120030 752
120046 772
120063 782
120079 802
120095 820
120112 833
120128 850
120144 866
120160 882
120177 896
120193 913
120209 930
120226 946
120242 964
120258 968
120274 992
120291 1003
120307 1023
120323 1039
120340 1052
120356 1082
120372 1094
120388 1113
120405 1124
120421 1136
120437 1157
120454 1168
120470 1187
120486 1202
120502 1213
120519 1233
120535 1249
120551 1263
120568 1281
120584 1309
120600 1310
120616 1327
120633 1343
120649 1344
120665 1367
120682 1378
120698 1398
120714 1415
120730 1427
120747 1444
120763 1463
120779 1474
120796 1486
120812 1500
120828 1513
120844 1533
120861 1538
120877 1552
120893 1574
120910 1575
120926 1588
120942 1601
120958 1613
120975 1626
120992 1643
121008 1639
121025 1657
121041 1660
121057 1676
121074 1688
121090 1726
121106 1710
121122 1718
121139 1728
121155 1735
121171 1748
121188 1752
121204 1768
121220 1778
121236 1777
121253 1781
121269 1789
121285 1799
121302 1805
121318 1812
121334 1815
121350 1857
121367 1826
121383 1832
121399 1836
121416 1840
121432 1839
121448 1845
121464 1849
121481 1866
121497 1855
121513 1867
121530 1867
121546 1863
121562 1869
121578 1867
121595 1865
121611 1912
121627 1872
121644 1866
121660 1868
121676 1865
121692 1868
121709 1866
121725 1868
121741 1870
121758 1858
121774 1855
121790 1848
121806 1844
121823 1839
121839 1840
121855 1836
121872 1857
121888 1827
121904 1824
121920 1813
121937 1810
121953 1806
121969 1799
121987 1786
122003 1776
122019 1764
122035 1765
122052 1758
122068 1747
122084 1738
122101 1735
122117 1718
122133 1709
122149 1694
122166 1686
122182 1673
122198 1663
122215 1653
122231 1644
122247 1617
122263 1624
122280 1607
122296 1586
122312 1579
122329 1565
122345 1552
122361 1536
122377 1439
122394 1511
122410 1491
122426 1477
122443 1459
122459 1448
122475 1430
122491 1412
122508 1398
122524 1380
122540 1354
122557 1337
122573 1326
122589 1311
122605 1287
122622 1288
122638 1262
122654 1237
122671 1223
122687 1202
122703 1185
122719 1167
122736 1144
122752 1127
122768 1127
122785 1084
122801 1069
122817 1053
122833 1023
122850 1007
122866 983
122882 963
122899 944
122915 910
122931 902
122947 874
122964 857
122980 847
122998 821
123014 799
123030 775
123046 754
123063 742
123079 713
123095 689
123112 668
123128 647
123144 629
123160 606
123177 585
123193 560
123209 541
123226 518
123242 498
123258 478
123274 439
123291 429
123307 409
123323 385
123340 372
123356 346
123372 331
123388 311
123405 288
123421 264
123437 245
123454 219
123470 208
123486 191
123502 163
123519 158
123535 145
123551 139
123568 126
123584 130
123600 117
123616 117
123633 115
123649 112
123665 102
123682 116
123698 113
123714 110
123730 122
123747 117
123763 135
123779 128
123796 144
123812 141
123828 140
123844 105
123861 130
123877 148
123893 161
123910 142
123926 157
123942 159
123958 163
123975 166
123992 187
124008 173
124025 155
124041 172
124057 179
124074 184
124090 210
124106 200
124122 211
124139 210
124155 213
124171 226
124188 225
124204 229
124220 282
124236 248
124253 272
124269 250
124285 267
124302 280
124318 286
124334 287
124350 362
124367 310
124383 323
124399 326
124416 332
124432 350
124448 353
124464 373
124481 382
124497 386
124513 407
124530 412
124546 429
124562 436
124578 442
124595 467
124611 484
124627 491
124644 496
124660 511
124676 524
124692 537
124709 549
124725 563
124741 572
124758 588
124774 604
124790 615
124806 647
124823 644
124839 652
124855 673
124872 691
124888 702
124904 723
124920 740
124937 749
124953 765
124969 785
124987 805
125003 823
125019 828
125035 842
125052 861
125068 878
125084 893
125101 911
125117 884
125133 941
125149 956
125166 969
125182 987
125198 999
125215 1018
125231 1037
125247 1039
125263 1076
125280 1090
125296 1117
125312 1121
125329 1132
125345 1152
125361 1171
125377 1186
125394 1192
125410 1201
125426 1234
125443 1246
125459 1262
125475 1275
125491 1291
125508 1303
125524 1326
125540 1334
125557 1354
125573 1363
125589 1371
125605 1394
125622 1409
125638 1424
125654 1441
125671 1456
125687 1471
125703 1476
125719 1501
125736 1513
125752 1519
125768 1535
125785 1548
125801 1554
125817 1574
125833 1588
125850 1597
125866 1611
125882 1620
125899 1630
125915 1647
125931 1654
125947 1644
125964 1674
125980 1687
125998 1711
126014 1710
126030 1721
126046 1735
126063 1733
126079 1740
126095 1760
126112 1759
126128 1772
126144 1780
126160 1783
126177 1797
126193 1801
126209 1803
126226 1815
126242 1820
126258 1825
126274 1835
126291 1834
126307 1835
126323 1842
126340 1846
126356 1852
126372 1852
126388 1873
126405 1867
126421 1868
126437 1869
126454 1865
126470 1885
126486 1872
126502 1864
126519 1885
126535 1872
126551 1873
126568 1878
126584 1875
126600 1875
126616 1874
126633 1872
126649 1868
126665 1871
126682 1863
126698 1860
126714 1854
126730 1849
126747 1850
126763 1844
126779 1851
126796 1840
126812 1832
126828 1841
126844 1820
126861 1811
126877 1813
126893 1804
126910 1796
126926 1791
126942 1783
126958 1775
126975 1773
126992 1753
127008 1745
127025 1736
127041 1714
127057 1709
127074 1700
127090 1687
127106 1686
127122 1668
127139 1671
127155 1652
127171 1640
127188 1620
127204 1611
127220 1599
127236 1586
127253 1567
127269 1556
127285 1540
127302 1530
127318 1514
127334 1501
127350 1477
127367 1469
127383 1454
127399 1436
127416 1423
127432 1390
127448 1390
127464 1355
127481 1354
127497 1339
127513 1317
127530 1297
127546 1286
127562 1265
127578 1252
127595 1235
127611 1214
127627 1195
127644 1177
127660 1152
127676 1141
127692 1117
127709 1100
127725 1073
127741 1071
127758 1040
127774 1016
127790 998
127806 977
127823 945
127839 936
127855 912
127872 873
127888 873
127904 847
127920 832
127937 832
127953 797
127969 771
127987 752
128003 726
128019 705
128035 678
128052 661
128068 643
128084 618
128101 597
128117 575
128133 555
128149 535
128166 514
128182 471
128198 469
128215 438
128231 426
128247 393
128263 381
128280 369
128296 344
128312 319
128329 309
128345 283
128361 269
128377 292
128394 219
128410 197
128426 192
128443 173
128459 160
128475 134
128491 140
128508 130
128524 122
128540 121
128557 120
128573 110
128589 128
128605 113
128622 115
128638 117
128654 112
128671 124
128687 127
128703 128
128719 134
128736 134
128752 131
128768 131
128785 136
128801 144
128817 147
128833 148
128850 150
128866 154
128882 160
128899 162
128915 165
128931 171
128947 169
128964 188
128980 181
128998 188
129014 181
129030 203
129046 201
129063 216
129079 211
129095 225
129112 235
129128 228
129144 221
129160 249
129177 245
129193 260
129209 268
129226 275
129242 280
129258 289
129274 299
129291 308
129307 315
129323 333
129340 333
129356 337
129372 354
129388 365
129405 373
129421 391
129437 405
129454 448
129470 422
129486 433
129502 443
129519 461
129535 472
129551 487
129568 487
129584 495
129600 519
129616 529
129633 540
129649 557
129665 569
129682 588
129698 600
129714 624
129730 622
129747 638
129763 656
129779 664
129796 697
129812 705
129828 717
129844 748
129861 745
129877 760
129893 781
129910 792
129926 811
129942 824
129958 838
129975 857
129992 873
130008 892
130025 903
130041 916
130057 941
130074 956
130090 966
130106 979
130122 1002
130139 1017
130155 1043
130171 1053
130188 1070
130204 1086
130220 1104
130236 1117
130253 1133
130269 1141
130285 1165
130302 1186
130318 1196
130334 1217
130350 1264
130367 1247
130383 1263
130399 1278
130416 1295
130432 1313
130448 1302
130464 1334
130481 1354
130497 1364
130513 1388
130530 1396
130546 1430
130562 1433
130578 1449
130595 1464
130611 1509
130627 1487
130644 1503
130660 1517
130676 1532
130692 1543
130709 1560
130725 1579
130741 1604
130758 1594
130774 1608
130790 1614
130806 1633
130823 1646
130839 1646
130855 1669
130872 1657
130888 1687
130904 1699
130920 1714
130937 1728
130953 1737
130969 1744
130987 1752
131003 1764
131019 1768
131035 1785
131052 1788
131068 1796
131084 1807
131101 1810
131117 1820
131133 1826
131149 1833
131166 1842
131182 1846
131198 1836
131215 1855
131231 1859
131247 1805
131263 1871
131280 1874
131296 1904
131312 1886
131329 1893
131345 1884
131361 1896
131377 1905
131394 1899
131410 1900
131426 1903
131443 1903
131459 1902
131475 1901
131491 1906
131508 1895
131524 1905
131540 1899
131557 1899
131573 1899
131589 1888
131605 1895
131622 1869
131638 1880
131654 1878
131671 1879
131687 1881
131703 1876
131719 1862
131736 1874
131752 1854
131768 1852
131785 1849
131801 1841
131817 1858
131833 1827
131850 1821
131866 1814
131882 1811
131899 1794
131915 1788
131931 1777
131947 1790
131964 1761
131980 1736
131998 1734
132014 1728
132030 1712
132046 1711
132063 1693
132079 1684
132095 1673
132112 1658
132128 1650
132144 1632
132160 1614
132177 1609
132193 1584
132209 1581
132226 1562
132242 1549
132258 1535
132274 1520
132291 1498
132307 1489
132323 1471
132340 1448
132356 1439
132372 1418
132388 1404
132405 1391
132421 1369
132437 1355
132454 1325
132470 1321
132486 1304
132502 1285
132519 1259
132535 1240
132551 1229
132568 1209
132584 1186
132600 1167
132616 1150
132633 1127
132649 1104
132665 1090
132682 1066
132698 1047
132714 1026
132730 1074
132747 984
132763 954
132779 939
132796 921
132812 853
132828 883
132844 860
132861 838
132877 802
132893 797
132910 778
132926 752
132942 726
132958 710
132975 687
132992 663
133008 640
133025 618
133041 596
133057 574
133074 554
133090 484
133106 506
133122 486
133139 462
133155 443
133171 419
133188 408
133204 372
133220 324
133236 344
133253 317
133269 288
133285 274
133302 256
133318 235
133334 214
133350 186
133367 177
133383 158
133399 147
133416 134
133432 129
133448 130
133464 118
133481 97
133497 112
133513 103
133530 102
133546 111
133562 130
133578 121
133595 116
133611 120
133627 124
133644 127
133660 123
133676 129
133692 133
133709 139
133725 139
133741 157
133758 142
133774 143
133790 145
133806 155
133823 158
133839 163
133855 144
133872 158
133888 166
133904 172
133920 177
133937 188
133953 205
133969 201
133987 201
134003 209
134019 219
134035 211
134052 228
134068 232
