2 2383
55 2395
71 2398
87 2403
104 2400
120 2399
136 2401
153 2403
169 2409
185 2410
202 2412
218 2428
234 2419
251 2423
267 2421
283 2422
300 2433
316 2434
332 2449
349 2473
365 2448
381 2453
398 2456
414 2457
430 2459
447 2473
463 2475
479 2475
496 2483
512 2488
528 2484
545 2496
561 2495
577 2504
594 2507
610 2506
626 2517
643 2518
659 2526
675 2529
692 2558
708 2545
724 2545
741 2555
757 2558
773 2571
790 2571
806 2576
822 2583
839 2586
855 2593
871 2599
888 2516
904 2608
920 2613
937 2621
953 2626
969 2615
987 2632
1003 2644
1019 2646
1036 2659
1052 2664
1068 2680
1085 2666
1101 2675
1117 2686
1134 2688
1150 2700
1166 2702
1183 2706
1199 2716
1215 2720
1232 2727
1248 2734
1264 2737
1281 2747
1297 2748
1313 2768
1330 2868
1346 2759
1362 2774
1379 2775
1395 2794
1411 2793
1428 2796
1444 2799
1460 2786
1477 2806
1493 2810
1509 2826
1526 2826
1542 2833
1558 2839
1575 2842
1591 2840
1607 2856
1624 2856
1640 2861
1656 2862
1673 2863
1689 2874
1705 2878
1722 2880
1738 2888
1754 2911
1771 2899
1787 2907
1803 2905
1820 2912
1836 2918
1852 2918
1869 2918
1885 2924
1901 2927
1918 2933
1934 2935
1950 2937
1967 2944
1984 2948
2000 2950
2017 2947
2033 2950
2049 2955
2066 2958
2082 2959
2098 2962
2115 2968
2131 2969
2147 3019
2164 2976
2180 2977
2196 2976
2213 2973
2229 2982
2245 2983
2262 2985
2278 2971
2294 2991
2311 2990
2327 2985
2343 2994
2360 2992
2376 2978
2392 2992
2409 2985
2425 2995
2441 2991
2458 3004
2474 2996
2490 2987
2507 2989
2523 2998
2539 3003
2556 2996
2572 2997
2588 2990
2605 2990
2621 2992
2637 2989
2654 2985
2670 2990
2686 2985
2703 2986
2719 2985
2735 2976
2752 2972
2768 2971
2784 2982
2801 2971
2817 2982
2833 2974
2850 2968
2866 2973
2882 2966
2899 2964
2915 2971
2931 2955
2948 2949
2964 2946
2980 2946
2998 2951
3014 2937
3031 2939
3047 2932
3063 2928
3080 2919
3096 2906
3112 2913
3129 2917
3145 2903
3161 2915
3178 2906
3194 2915
3210 2894
3227 2894
3243 2889
3259 2885
3276 2883
3292 2870
3308 2867
3325 2869
3341 2862
3357 2855
3374 2851
3390 2847
3406 2840
3423 2834
3439 2822
3455 2826
3472 2818
3488 2819
3504 2807
3521 2807
3537 2809
3553 2802
3570 2797
3586 2787
3602 2781
3619 2774
3635 2771
3651 2763
3668 2756
3684 2753
3700 2743
3717 2741
3733 2763
3749 2724
3766 2725
3782 2719
3798 2701
3815 2708
3831 2695
3847 2695
3864 2689
3880 2693
3896 2679
3913 2672
3929 2671
3945 2665
3962 2659
3978 2650
3995 2644
4012 2637
4028 2637
4044 2643
4061 2623
4077 2613
4093 2610
4110 2600
4126 2597
4142 2592
4159 2582
4175 2607
4191 2579
4208 2566
4224 2567
4240 2563
4257 2557
4273 2551
4289 2544
4306 2542
4322 2535
4338 2536
4355 2528
4371 2520
4387 2513
4404 2506
4420 2503
4436 2500
4453 2494
4469 2488
4485 2504
4502 2465
4518 2470
4534 2467
4551 2468
4567 2455
4583 2469
4600 2457
4616 2422
4632 2449
4649 2441
4665 2436
4681 2438
4698 2433
4714 2428
4730 2424
4747 2421
4763 2415
4779 2412
4796 2412
4812 2400
4828 2405
4845 2400
4861 2388
4877 2392
4894 2385
4910 2391
4926 2383
4943 2394
4959 2384
4975 2384
4993 2372
5009 2369
5026 2373
5042 2371
5058 2371
5075 2370
5091 2368
5107 2366
5124 2354
5140 2364
5156 2362
5173 2362
5189 2359
5205 2356
5222 2355
5238 2352
5254 2359
5271 2353
5287 2363
5303 2358
5320 2372
5336 2361
5352 2360
5369 2358
5385 2359
5401 2358
5418 2361
5434 2355
5450 2362
5467 2362
5483 2354
5499 2364
5516 2363
5532 2369
5548 2370
5565 2359
5581 2369
5597 2370
5614 2376
5630 2374
5646 2388
5663 2380
5679 2388
5695 2386
5712 2389
5728 2400
5744 2394
5761 2395
5777 2402
5793 2405
5810 2325
5826 2404
5842 2411
5859 2418
5875 2417
5891 2427
5908 2427
5924 2418
5940 2434
5957 2430
5973 2442
5990 2456
6007 2442
6023 2460
6039 2459
6056 2465
6072 2469
6088 2492
6105 2469
6121 2484
6137 2483
6154 2490
6170 2501
6186 2504
6203 2507
6219 2509
6235 2519
6252 2514
6268 2519
6284 2532
6301 2536
6317 2542
6333 2548
6350 2565
6366 2564
6382 2576
6399 2573
6415 2578
6431 2590
6448 2605
6464 2595
6480 2582
6497 2611
6513 2613
6529 2621
6546 2623
6562 2633
6578 2637
6595 2645
6611 2625
6627 2647
6644 2660
6660 2664
6676 2676
6693 2676
6709 2691
6725 2695
6742 2703
6758 2682
6774 2712
6791 2719
6807 2729
6823 2731
6840 2737
6856 2739
6872 2750
6889 2758
6905 2759
6921 2766
6938 2762
6954 2777
6970 2783
6988 2791
7004 2797
7020 2798
7037 2799
7053 2815
7069 2821
7086 2826
7102 2829
7118 2832
7135 2840
7151 2843
7167 2849
7184 2858
7200 2823
7216 2865
7233 2871
7249 2883
7265 2897
7282 2882
7298 2887
7314 2887
7331 2889
7347 2898
7363 2901
7380 2915
7396 2912
7412 2924
7429 2928
7445 2934
7461 2930
7478 2941
7494 2941
7510 2939
7527 2953
7543 2951
7559 2955
7576 2961
7592 2956
7608 2959
7625 2966
7641 2970
7657 2974
7674 2974
7690 2966
7706 2977
7723 2980
7739 2986
7755 2986
7772 2994
7788 2993
7804 2980
7821 2995
7837 2994
7853 3000
7870 2997
7886 2998
7902 3001
7919 3003
7935 3005
7951 3006
7968 3004
7985 3006
8002 3005
8018 2986
8034 3005
8051 3008
8067 3010
8083 3008
8100 3003
8116 3017
8132 3012
8149 3025
8165 3008
8181 3011
8198 2975
8214 3008
8230 3006
8247 3002
8263 3003
8279 2938
8296 2998
8312 3004
8328 3001
8345 2992
8361 2994
8377 2988
8394 2976
8410 2982
8426 2979
8443 2981
8459 2975
8475 2987
8492 2977
8508 2973
8524 2970
8541 2966
8557 2966
8573 2963
8590 2946
8606 2957
8622 2949
8639 2958
8655 2946
8671 2942
8688 2941
8704 2932
8720 2932
8737 2925
8753 2912
8769 2916
8786 2912
8802 2908
8818 2906
8835 2908
8851 2899
8867 2897
8884 2891
8900 2885
8916 2870
8933 2870
8949 2872
8965 2867
8982 2861
8999 2852
9015 2858
9032 2845
9048 2841
9064 2835
9081 2822
9097 2832
9113 2825
9130 2799
9146 2803
9162 2798
9179 2805
9195 2797
9211 2799
9228 2780
9244 2777
9260 2773
9277 2766
9293 2763
9309 2756
9326 2748
9342 2746
9358 2739
9375 2733
9391 2726
9407 2726
9424 2717
9440 2706
9456 2695
9473 2692
9489 2689
9505 2685
9522 2678
9538 2712
9554 2672
9571 2668
9587 2670
9603 2651
9620 2649
9636 2639
9652 2634
9669 2637
9685 2624
9701 2618
9718 2605
9734 2594
9750 2600
9767 2595
9783 2594
9799 2582
9816 2572
9832 2573
9848 2563
9865 2562
9881 2554
9897 2555
9914 2548
9930 2548
9946 2540
9963 2532
9979 2533
9996 2525
10012 2520
10028 2515
10045 2469
10061 2507
10077 2502
10094 2496
10110 2494
10126 2480
10143 2480
10159 2477
10175 2555
10192 2467
10208 2470
10224 2467
10241 2451
10257 2459
10273 2454
10290 2462
10306 2443
10322 2439
10339 2436
10355 2434
10371 2428
10388 2426
10404 2424
10420 2438
10437 2416
10453 2415
10469 2412
10486 2383
10502 2404
10518 2404
10535 2403
10551 2400
10567 2398
10584 2393
10600 2393
10616 2399
10633 2388
10649 2387
10665 2388
10682 2382
10698 2383
10714 2389
10731 2384
10747 2378
10763 2379
10780 2375
10796 2376
10812 2377
10829 2373
10845 2374
10861 2374
10878 2373
10894 2374
10910 2377
10927 2372
10943 2372
10959 2378
10976 2377
10993 2370
11009 2377
11026 2377
11042 2380
11058 2380
11075 2378
11091 2385
11107 2382
11124 2384
11140 2386
11156 2390
11173 2384
11189 2393
11205 2395
11222 2394
11238 2402
11254 2402
11271 2399
11287 2403
11303 2394
11320 2407
11336 2425
11352 2416
11369 2420
11385 2420
11401 2421
11418 2425
11434 2413
11450 2438
11467 2437
11483 2434
11499 2451
11516 2448
11532 2464
11548 2460
11565 2471
11581 2466
11597 2473
11614 2474
11630 2473
11646 2486
11663 2489
11679 2495
11695 2500
11712 2512
11728 2511
11744 2512
11761 2523
11777 2522
11793 2526
11810 2538
11826 2539
11842 2544
11859 2550
11875 2554
11891 2558
11908 2565
11924 2571
11940 2535
11957 2566
11973 2586
11990 2619
12007 2595
12023 2614
12039 2615
12056 2618
12072 2621
12088 2630
12105 2642
12121 2638
12137 2648
12154 2655
12170 2656
12186 2666
12203 2671
12219 2672
12235 2685
12252 2685
12268 2786
12284 2702
12301 2706
12317 2699
12333 2711
12350 2723
12366 2726
12382 2743
12399 2740
12415 2749
12431 2753
12448 2764
12464 2762
12480 2771
12497 2780
12513 2781
12529 2788
12546 2794
12562 2800
12578 2817
12595 2815
12611 2815
12627 2823
12644 2826
12660 2840
12676 2837
12693 2843
12709 2846
12725 2852
12742 2868
12758 2855
12774 2867
12791 2878
12807 2882
12823 2888
12840 2892
12856 2895
12872 2906
12889 2900
12905 2910
12921 2913
12938 2915
12954 2920
12970 2926
12988 2912
13004 2932
13021 2927
13037 2938
13053 2945
13070 2948
13086 2956
13102 2959
13119 2967
13135 2966
13151 2964
13168 2965
13184 2971
13200 3003
13217 2982
13233 2984
13249 2985
13266 2989
13282 2992
13298 2995
13315 2994
13331 2992
13347 2998
13364 2998
13380 3004
13396 3002
13413 3007
13429 3007
13445 3014
13462 3012
13478 3016
13494 3018
13511 3017
13527 3017
13543 3026
13560 3020
13576 3004
13592 3017
13609 3018
13625 3026
13641 3005
13658 3020
13674 3021
13690 3020
13707 3015
13723 3024
13739 3013
13756 3011
13772 3014
13788 3013
13805 3029
13821 3018
13837 3054
13854 3014
13870 3012
13886 3016
13903 3011
13919 3005
13935 3008
13952 3005
13968 3000
13985 3004
14002 2998
14018 2988
14034 2996
14051 2971
14067 2987
14083 2973
14100 2977
14116 2979
14132 2977
14149 2975
14165 2973
14181 2981
14198 2964
14214 2963
14230 2959
14247 2955
14263 2950
14279 2942
14296 2942
14312 2938
14328 2943
14345 2927
14361 2927
14377 2926
14394 2925
14410 2916
14426 2910
14443 2896
14459 2890
14475 2898
14492 2893
14508 2893
14524 2884
14541 2884
14557 2873
14573 2871
14590 2871
14606 2859
14622 2855
14639 2853
14655 2845
14671 2841
14688 2836
14704 2832
14720 2826
14737 2820
14753 2813
14769 2809
14786 2809
14802 2795
14818 2784
14835 2790
14851 2781
14867 2789
14884 2773
14900 2766
14916 2760
14933 2753
14949 2749
14965 2743
14982 2730
14999 2731
15016 2724
15032 2717
15048 2713
15065 2703
15081 2701
15097 2692
15114 2680
15130 2685
15146 2681
15163 2671
15179 2666
15195 2658
15212 2659
15228 2652
15244 2647
15261 2640
15277 2635
15293 2629
15310 2623
15326 2620
15342 2609
15359 2606
15375 2597
15391 2593
15408 2577
15424 2586
15440 2578
15457 2573
15473 2567
15489 2554
15506 2554
15522 2547
15538 2541
15555 2538
15571 2542
15587 2536
15604 2536
15620 2529
15636 2521
15653 2523
15669 2505
15685 2507
15702 2499
15718 2493
15734 2494
15751 2481
15767 2483
15783 2401
15800 2477
15816 2467
15832 2463
15849 2455
15865 2457
15881 2454
15898 2452
15914 2455
15930 2442
15947 2441
15963 2440
15979 2424
15996 2431
16012 2430
16028 2429
16045 2425
16061 2422
16077 2409
16094 2421
16110 2395
16126 2412
16143 2403
16159 2398
16175 2402
16192 2399
16208 2389
16224 2390
16241 2384
16257 2395
16273 2391
16290 2393
16306 2389
16322 2385
16339 2385
16355 2388
16371 2378
16388 2379
16404 2373
16420 2382
16437 2380
16453 2383
16469 2384
16486 2365
16502 2381
16518 2379
16535 2373
16551 2378
16567 2378
16584 2379
16600 2374
16616 2385
16633 2381
16649 2390
16665 2390
16682 2392
16698 2382
16714 2393
16731 2382
16747 2391
16763 2396
16780 2399
16796 2396
16812 2403
16829 2403
16845 2406
16861 2440
16878 2412
16894 2410
16910 2415
16927 2407
16943 2418
16959 2418
16976 2420
16993 2422
17009 2431
17026 2439
17042 2445
17058 2443
17075 2444
17091 2448
17107 2454
17124 2452
17140 2455
17156 2467
17173 2472
17189 2469
17205 2474
17222 2480
17238 2485
17254 2484
17271 2485
17287 2491
17303 2486
17320 2507
17336 2505
17352 2510
17369 2519
17385 2521
17401 2522
17418 2537
17434 2557
17450 2539
17467 2550
17483 2555
17499 2558
17516 2567
17532 2572
17548 2577
17565 2579
17581 2576
17597 2593
17614 2599
17630 2599
17646 2607
17663 2612
17679 2619
17695 2621
17712 2640
17728 2640
17744 2646
17761 2650
17777 2655
17793 2665
17810 2626
17826 2670
17842 2680
17859 2681
17875 2692
17891 2692
17908 2699
17924 2711
17940 2747
17957 2722
17973 2726
17991 2722
18007 2735
18023 2744
18040 2747
18056 2760
18072 2763
18089 2771
18105 2774
18121 2765
18138 2783
18154 2791
18170 2804
18187 2802
18203 2805
18219 2814
18236 2817
18252 2826
18268 2828
18285 2830
18301 2838
18317 2843
18334 2842
18350 2850
18366 2851
18383 2864
18399 2881
18415 2875
18432 2873
18448 2882
18464 2896
18481 2900
18497 2901
18513 2898
18530 2919
18546 2905
18562 2914
18579 2915
18595 2941
18611 2925
18628 2929
18644 2937
18660 2937
18677 2942
18693 2934
18709 2943
18726 2946
18742 2954
18758 2971
18775 2971
18791 2959
18807 2964
18824 2974
18840 2968
18856 2972
18873 2973
18889 2948
18905 2973
18922 2983
18938 2989
18954 2986
18971 2991
18988 2991
19004 2991
19021 2977
19037 2996
19053 2993
19070 3029
19086 3000
19102 2995
19119 2997
19135 3006
19151 3009
19168 3006
19184 2998
19200 2984
19217 2995
19233 3010
19249 3002
19266 3002
19282 3005
19298 3004
19315 3006
19331 3003
19347 3000
19364 3002
19380 3003
19396 2993
19413 2998
19429 2992
19445 2996
19462 2988
19478 3001
19494 2988
19511 2999
19527 2987
19543 2984
19560 2988
19576 2979
19592 2977
19609 2982
19625 2975
19641 2976
19658 2966
19674 2970
19690 2965
19707 2956
19723 2962
19739 2954
19756 2966
19772 2951
19788 2941
19805 2945
19821 2941
19837 2947
19854 2935
19870 2934
19886 2922
19903 2926
19919 2923
19935 2912
19952 2913
19968 2909
19986 2905
20002 2900
20018 2891
20035 2889
20051 2884
20067 2883
20084 2874
20100 2870
20116 2861
20133 2856
20149 2826
20165 2847
20182 2853
20198 2846
20214 2846
20231 2832
20247 2830
20263 2823
20280 2815
20296 2814
20312 2806
20329 2798
20345 2797
20361 2787
20378 2786
20394 2779
20410 2772
20427 2774
20443 2762
20459 2755
20476 2746
20492 2742
20508 2741
20525 2731
20541 2731
20557 2718
20574 2727
20590 2706
20606 2707
20623 2703
20639 2689
20655 2690
20672 2685
20688 2675
20704 2672
20721 2664
20737 2661
20753 2653
20770 2645
20786 2643
20802 2635
20819 2632
20835 2623
20851 2613
20868 2611
20884 2606
20900 2607
20917 2599
20933 2592
20949 2573
20966 2611
20982 2572
20999 2573
21016 2561
21032 2562
21048 2554
21065 2548
21081 2546
21097 2529
21114 2531
21130 2531
21146 2501
21163 2513
21179 2507
21195 2502
21212 2501
21228 2495
21244 2498
21261 2488
21277 2571
21293 2479
21310 2474
21326 2478
21342 2467
21359 2460
21375 2457
21391 2449
21408 2461
21424 2447
21440 2443
21457 2433
21473 2432
21489 2431
21506 2428
21522 2420
21538 2411
21555 2415
21571 2412
21587 2406
21604 2411
21620 2410
21636 2401
21653 2399
21669 2396
21685 2395
21702 2390
21718 2388
21734 2374
21751 2384
21767 2383
21783 2380
21800 2380
21816 2387
21832 2373
21849 2373
21865 2372
21881 2368
21898 2367
21914 2360
21930 2362
21947 2366
21963 2371
21979 2364
21996 2356
22012 2362
22028 2355
22045 2362
22061 2358
22077 2359
22094 2362
22110 2361
22126 2364
22143 2360
22159 2359
22175 2364
22192 2362
22208 2291
22224 2365
22241 2360
22257 2363
22273 2362
22290 2369
22306 2368
22322 2382
22339 2418
22355 2380
22371 2381
22388 2387
22404 2381
22420 2381
22437 2386
22453 2388
22469 2387
22486 2393
22502 2392
22518 2389
22535 2400
22551 2402
22567 2408
22584 2407
22600 2417
22616 2413
22633 2410
22649 2422
22665 2428
22682 2437
22698 2436
22714 2442
22731 2440
22747 2448
22763 2453
22780 2454
22796 2457
22812 2458
22829 2468
22845 2465
22861 2468
22878 2474
22894 2482
22910 2487
22927 2495
22943 2500
22959 2492
22976 2507
22993 2520
23010 2514
23026 2530
23042 2532
23059 2538
23075 2541
23091 2546
23108 2554
23124 2554
23140 2563
23157 2568
23173 2456
23189 2580
23206 2584
23222 2587
23238 2598
23255 2599
23271 2607
23287 2604
23304 2591
23320 2623
23336 2624
23353 2625
23369 2640
23385 2662
23402 2656
23418 2665
23434 2684
23451 2668
23467 2679
23483 2685
23500 2687
23516 2697
23532 2702
23549 2708
23565 2721
23581 2713
23598 2723
23614 2731
23630 2738
23647 2741
23663 2739
23679 2752
23696 2750
23712 2776
23728 2771
23745 2788
23761 2781
23777 2786
23794 2795
23810 2772
23826 2806
23843 2811
23859 2814
23875 2824
23892 2825
23908 2834
23924 2840
23941 2852
23957 2847
23973 2853
23991 2857
24007 2850
24023 2864
24040 2866
24056 2874
24072 2873
24089 2889
24105 2895
24121 2902
24138 2898
24154 2904
24170 2905
24187 2907
24203 2909
24219 2926
24236 2923
24252 2904
24268 2931
24285 2930
24301 2940
24317 2937
24334 2945
24350 2947
24366 2937
24383 2950
24399 2952
24415 2958
24432 2962
24448 2974
24464 2971
24481 2972
24497 2973
24513 2972
24530 2974
24546 2977
24562 2979
24579 2982
24595 2982
24611 2981
24628 2984
24644 2983
24660 2983
24677 2989
24693 2988
24709 2990
24726 2985
24742 2990
24758 2988
24775 2990
24791 2993
24807 3004
24824 3000
24840 2997
24856 2997
24873 2994
24889 3000
24905 2994
24922 2993
24938 2998
24954 2989
24971 2993
24988 2991
25004 2991
25021 2988
25037 2991
25053 2984
25070 3008
25086 2980
25102 2977
25119 2981
25135 2978
25151 2979
25168 2977
25184 2976
25200 2969
25217 2970
25233 2967
25249 2965
25266 2961
25282 2961
25298 2954
25315 2952
25331 2950
25347 2941
25364 2943
25380 2938
25396 2937
25413 2934
25429 2921
25445 2922
25462 2904
25478 2918
25494 2914
25511 2776
25527 2910
25543 2906
25560 2901
25576 2900
25592 2893
25609 2890
25625 2886
25641 2871
25658 2873
25674 2871
25690 2862
25707 2862
25723 2857
25739 2859
25756 2857
25772 2844
25788 2828
25805 2829
25821 2819
25837 2815
25854 2822
25870 2822
25886 2794
25903 2802
25919 2803
25935 2792
25952 2789
25968 2781
25986 2778
26002 2767
26018 2769
26035 2757
26051 2757
26067 2746
26084 2738
26100 2737
26116 2729
26133 2717
26149 2723
26165 2707
26182 2710
26198 2702
26214 2696
26231 2694
26247 2688
26263 2677
26280 2675
26296 2671
26312 2653
26329 2660
26345 2651
26361 2641
26378 2638
26394 2637
26410 2625
26427 2623
26443 2617
26459 2621
26476 2607
26492 2599
26508 2590
26525 2583
26541 2581
26557 2575
26574 2583
26590 2548
26606 2565
26623 2562
26639 2552
26655 2550
26672 2543
26688 2537
26704 2532
26721 2527
26737 2519
26753 2517
26770 2510
26786 2505
26802 2501
26819 2494
26835 2499
26851 2482
26868 2488
26884 2466
26900 2474
26917 2468
26933 2483
26949 2467
26966 2498
26984 2455
27001 2450
27017 2351
27033 2446
27050 2437
27066 2450
27082 2432
27099 2426
27115 2426
27131 2424
27148 2422
27164 2419
27180 2428
27197 2406
27213 2406
27229 2410
27246 2400
27262 2398
27278 2396
27295 2391
27311 2389
27327 2394
27344 2386
27360 2385
27376 2392
27393 2383
27409 2391
27425 2375
27442 2377
27458 2374
27474 2373
27491 2374
27507 2370
27523 2369
27540 2370
27556 2367
27572 2365
27589 2375
27605 2366
27621 2366
27638 2369
27654 2368
27670 2366
27687 2366
27703 2368
27719 2364
27736 2369
27752 2370
27768 2370
27785 2447
27801 2376
27817 2369
27834 2378
27850 2371
27866 2375
27883 2377
27899 2382
27915 2379
27932 2379
27948 2382
27964 2376
27981 2383
27998 2391
28014 2395
28031 2395
28047 2397
28063 2400
28080 2399
28096 2398
28112 2401
28129 2413
28145 2409
28161 2417
28178 2417
28194 2420
28210 2426
28227 2440
28243 2431
28259 2430
28276 2448
28292 2443
28308 2460
28325 2455
28341 2463
28357 2459
28374 2465
28390 2472
28406 2474
28423 2473
28439 2483
28455 2487
28472 2483
28488 2501
28504 2500
28521 2507
28537 2511
28553 2517
28570 2523
28586 2524
28602 2533
28619 2532
28635 2542
28651 2546
28668 2568
28684 2563
28700 2568
28717 2569
28733 2572
28749 2583
28766 2584
28782 2595
28798 2600
28815 2603
28831 2612
28847 2616
28864 2618
28880 2628
28896 2636
28913 2695
28929 2646
28945 2635
28962 2653
28978 2658
28995 2668
29012 2694
29028 2683
29044 2690
29061 2694
29077 2696
29093 2706
29110 2712
29126 2719
29142 2726
29159 2727
29175 2727
29191 2740
29208 2747
29224 2753
29240 2762
29257 2756
29273 2771
29289 2765
29306 2780
29322 2780
29338 2790
29355 2796
29371 2798
29387 2807
29404 2818
29420 2822
29436 2827
29453 2831
29469 2836
29485 2848
29502 2850
29518 2854
29534 2854
29551 2868
29567 2870
29583 2875
29600 2876
29616 2861
29632 2906
29649 2871
29665 2895
29681 2885
29698 2901
29714 2908
29730 2911
29747 2922
29763 2924
29779 2926
29796 2927
29812 2934
29828 2936
29845 2937
29861 2948
29877 2954
29894 2951
29910 2961
29926 2958
29943 2965
29959 2967
29975 2966
29993 2970
30009 2972
30025 2971
30042 2979
30058 2978
30074 2993
30091 2988
30107 2991
30123 2987
30140 2996
30156 2995
30172 3002
30189 3002
30205 3004
30221 3000
30238 2995
30254 3011
30270 3000
30287 3012
30303 3005
30319 3008
30336 3013
30352 2995
30368 3007
30385 3005
30401 3007
30417 3009
30434 3008
30450 3019
30466 3012
30483 3009
30499 3008
30515 3012
30532 3024
30548 3008
30564 3010
30581 2986
30597 3005
30613 3013
30630 3000
30646 3007
30662 3000
30679 3002
30695 3001
30711 2987
30728 2995
30744 2979
30760 2989
30777 2986
30793 2983
30809 2986
30826 2985
30842 2984
30858 2981
30875 2976
30891 2973
30907 2970
30924 2974
30940 2981
30956 2962
30973 2957
30990 2953
31007 2948
31023 2947
31039 2946
31056 2931
31072 2939
31088 2927
31105 2921
31121 2922
31137 2933
31154 2920
31170 2915
31186 2920
31203 2906
31219 2902
31235 2899
31252 2890
31268 2884
31284 2879
31301 2882
31317 2875
31333 2866
31350 2865
31366 2855
31382 2854
31399 2848
31415 2839
31431 2842
31448 2824
31464 2825
31480 2824
31497 2815
31513 2809
31529 2807
31546 2804
31562 2795
31578 2797
31595 2787
31611 2782
31627 2779
31644 2771
31660 2763
31676 2763
31693 2756
31709 2750
31725 2738
31742 2736
31758 2747
31774 2714
31791 2719
31807 2695
31823 2704
31840 2692
31856 2693
31872 2696
31889 2665
31905 2683
31921 2673
31938 2668
31954 2663
31970 2657
31988 2648
32004 2645
32020 2641
32037 2632
32053 2628
32069 2592
32086 2620
32102 2608
32118 2603
32135 2599
32151 2587
32167 2590
32184 2583
32200 2609
32216 2576
32233 2577
32249 2564
32265 2561
32282 2560
32298 2547
32314 2545
32331 2572
32347 2510
32363 2531
32380 2528
32396 2516
32412 2516
32429 2511
32445 2506
32461 2501
32478 2483
32494 2492
32510 2480
32527 2484
32543 2484
32559 2483
32576 2477
32592 2469
32608 2470
32625 2460
32641 2454
32657 2453
32674 2450
32690 2447
32706 2428
32723 2440
32739 2437
32755 2425
32772 2432
32788 2423
32804 2427
32821 2421
32837 2408
32853 2416
32870 2398
32886 2414
32902 2409
32919 2401
32935 2410
32951 2404
32968 2403
32985 2399
33001 2395
33018 2404
33034 2396
33050 2389
33067 2397
33083 2391
33099 2388
33116 2390
33132 2386
33148 2395
33165 2387
33181 2376
33197 2366
33214 2375
33230 2384
33246 2380
33263 2395
33279 2388
33295 2386
33312 2385
33328 2381
33344 2384
33361 2385
33377 2389
33393 2387
33410 2378
33426 2390
33442 2394
33459 2370
33475 2394
33491 2390
33508 2395
33524 2403
33540 2384
33557 2396
33573 2395
33589 2421
33606 2403
33622 2412
33638 2416
33655 2414
33671 2419
33687 2425
33704 2422
33720 2429
33736 2421
33753 2430
33769 2428
33785 2441
33802 2445
33818 2441
33834 2453
33851 2450
33867 2454
33883 2463
33900 2452
33916 2471
33932 2453
33949 2473
33965 2443
33981 2486
33999 2497
34015 2487
34032 2500
34048 2506
34064 2508
34081 2505
34097 2513
34113 2519
34130 2527
34146 2532
34162 2537
34179 2543
34195 2547
34211 2553
34228 2555
34244 2565
34260 2568
34277 2574
34293 2577
34309 2582
34326 2599
34342 2572
34358 2604
34375 2606
34391 2618
34407 2655
34424 2619
34440 2639
34456 2645
34473 2637
34489 2649
34505 2654
34522 2657
34538 2661
34554 2667
34571 2683
34587 2683
34603 2680
34620 2694
34636 2697
34652 2704
34669 2708
34685 2722
34701 2719
34718 2730
34734 2735
34750 2742
34767 2744
34783 2754
34799 2757
34816 2763
34832 2767
34848 2778
34865 2792
34881 2783
34897 2796
34914 2810
34930 2806
34946 2813
34963 2805
34979 2818
34995 2818
35012 2832
35028 2837
35044 2930
35061 2852
35077 2852
35093 2856
35110 2867
35126 2866
35142 2869
35159 2874
35175 2882
35191 2882
35208 2894
35224 2901
35240 2895
35257 2910
35273 2910
35289 2920
35306 2920
35322 2907
35338 2926
35355 2910
35371 2934
35387 2941
35404 2933
35420 2951
35436 2952
35453 2959
35469 2964
35485 2981
35502 2966
35518 2969
35534 2971
35551 2975
35567 2976
35583 2979
35600 2982
35616 2987
35632 2985
35649 2989
35665 2994
35681 2973
35698 2994
35714 2995
35730 2989
35747 3000
35763 3002
35779 3010
35796 3008
35812 3013
35828 3011
35845 3015
35861 3025
35877 3004
35894 3012
35910 3016
35926 3014
35943 3019
35959 3016
35975 3018
35993 3016
36009 3016
36026 3005
36042 3016
36058 3010
36075 3013
36091 3013
36107 3032
36124 3011
36140 3015
36156 3019
36173 3000
36189 3012
36205 3010
36222 2996
36238 3008
36254 3000
36271 3003
36287 3000
36303 2979
36320 3000
36336 2994
36352 2990
36369 2986
36385 2973
36401 2985
36418 2982
36434 2976
36450 2985
36467 2968
36483 2972
36499 2975
36516 2968
36532 2964
36548 2962
36565 2959
36581 2952
36597 2951
36614 2936
36630 2944
36646 2948
36663 2935
36679 2936
36695 2926
36712 2924
36728 2923
36744 2894
36761 2908
36777 2903
36793 2896
36810 2891
36826 2888
36842 2888
36859 2881
36875 2884
36891 2875
36908 2872
36924 2868
36940 2859
36957 2855
36973 2851
36990 2872
37007 2840
37023 2833
37039 2828
37056 2826
37072 2816
37088 2806
37105 2808
37121 2793
37137 2797
37154 2789
37170 2803
37186 2782
37203 2777
37219 2772
37235 2765
37252 2771
37268 2751
37284 2748
37301 2740
37317 2725
37333 2732
37350 2721
37366 2711
37382 2713
37399 2703
37415 2699
37431 2698
37448 2673
37464 2681
37480 2669
37497 2670
37513 2663
37529 2657
37546 2658
37562 2637
37578 2646
37595 2641
37611 2637
37627 2622
37644 2613
37660 2605
37676 2604
37693 2607
37709 2601
37725 2609
37742 2587
37758 2581
37774 2574
37791 2571
37807 2540
37823 2559
37840 2548
37856 2545
37872 2547
37889 2538
37905 2538
37921 2529
37938 2527
37954 2519
37970 2511
37988 2503
38004 2506
38021 2498
38037 2495
38053 2500
38070 2526
38086 2484
38102 2476
38119 2471
38135 2471
38151 2457
38168 2460
38184 2451
38200 2443
38217 2447
38233 2466
38249 2445
38266 2443
38282 2438
38298 2429
38315 2430
38331 2423
38347 2423
38364 2416
38380 2415
38396 2414
38413 2410
38429 2405
38445 2408
38462 2401
38478 2402
38494 2397
38511 2358
38527 2393
38543 2381
38560 2388
38576 2387
38592 2378
38609 2387
38625 2395
38641 2390
38658 2382
38674 2379
38690 2379
38707 2377
38723 2379
38739 2376
38756 2380
38772 2375
38788 2367
38805 2375
38821 2371
38837 2372
38854 2374
38870 2354
38886 2369
38903 2359
38919 2366
38935 2371
38952 2368
38968 2377
38985 2388
39002 2378
39018 2383
39034 2379
39051 2376
39067 2382
39083 2384
39100 2387
39116 2386
39132 2385
39149 2386
39165 2390
39181 2395
39198 2403
39214 2387
39230 2399
39247 2396
39263 2403
39279 2411
39296 2434
39312 2416
39328 2419
39345 2421
39361 2423
39377 2430
39394 2432
39410 2430
39426 2439
39443 2442
39459 2447
39475 2448
39492 2448
39508 2454
39524 2459
39541 2464
39557 2467
39573 2453
39590 2471
39606 2472
39622 2484
39639 2487
39655 2488
39671 2506
39688 2506
39704 2514
39720 2513
39737 2522
39753 2523
39769 2531
39786 2537
39802 2540
39818 2545
39835 2531
39851 2552
39867 2557
39884 2565
39900 2568
39916 2577
39933 2563
39949 2585
39965 2616
39982 2596
39999 2616
40015 2613
40032 2620
40048 2624
40064 2627
40081 2632
40097 2639
40113 2643
40130 2651
40146 2657
40162 2661
40179 2666
40195 2670
40211 2679
40228 2683
40244 2693
40260 2695
40277 2693
40293 2708
40309 2708
40326 2721
40342 2725
40358 2738
40375 2740
40391 2746
40407 2736
40424 2757
40440 2761
40456 2758
40473 2771
40489 2778
40505 2780
40522 2789
40538 2796
40554 2796
40571 2804
40587 2809
40603 2814
40620 2821
40636 2808
40652 2828
40669 2828
40685 2835
40701 2844
40718 2853
40734 2867
40750 2858
40767 2868
40783 2863
40799 2875
40816 2881
40832 2887
40848 2889
40865 2892
40881 2899
40897 2902
40914 2868
40930 2913
40946 2915
40963 2914
40979 2919
40996 2914
41012 2929
41028 2932
41045 2921
41061 2936
41077 2936
41094 2945
41110 2952
41126 2954
41143 2956
41159 2959
41175 2959
41192 2960
41208 2967
41224 2968
41241 2969
41257 2971
41273 2972
41290 2972
41306 2981
41322 2979
41339 2980
41355 2988
41371 2975
41388 2993
41404 2983
41420 2989
41437 2985
41453 2998
41469 2993
41486 3002
41502 2996
41518 2993
41535 3001
41551 2995
41567 2996
41584 2996
41600 2998
41616 2983
41633 2990
41649 2997
41665 2996
41682 2991
41698 2995
41714 2990
41731 2986
41747 2989
41763 2985
41780 2991
41796 2985
41812 2990
41829 2989
41845 2990
41861 2969
41878 2982
41894 2982
41910 2969
41927 2974
41943 2976
41959 2968
41976 2968
41993 2968
42009 2966
42026 2960
42042 2958
42058 2950
42075 2952
42091 2951
42107 2952
42124 2943
42140 2936
42156 2945
42173 2947
42189 2931
42205 2924
42222 2927
42238 2924
42254 2917
42271 2913
42287 2907
42303 2900
42320 2910
42336 2896
42352 2892
42369 2889
42385 2880
42401 2882
42418 2870
42434 2861
42450 2860
42467 2855
42483 2859
42499 2848
42516 2858
42532 2843
42548 2841
42565 2837
42581 2827
42597 2825
42614 2817
42630 2808
42646 2810
42663 2802
42679 2798
42695 2789
42712 2784
42728 2859
42744 2776
42761 2770
42777 2764
42793 2748
42810 2749
42826 2742
42842 2740
42859 2732
42875 2724
42891 2723
42908 2727
42924 2715
42940 2708
42957 2706
42973 2692
42990 2689
43007 2684
43023 2677
43039 2669
43056 2667
43072 2662
43088 2576
43105 2653
43121 2636
43137 2632
43154 2635
43170 2621
43186 2617
43203 2613
43219 2616
43235 2610
43252 2613
43268 2597
43284 2583
43301 2584
43317 2576
43333 2574
43350 2580
43366 2561
43382 2556
43399 2548
43415 2544
43431 2545
43448 2533
43464 2529
43480 2511
43497 2509
43513 2509
43529 2506
43546 2503
43562 2497
43578 2497
43595 2486
43611 2490
43627 2482
43644 2477
43660 2472
43676 2470
43693 2464
43709 2459
43725 2457
43742 2451
43758 2429
43774 2443
43791 2441
43807 2416
43823 2429
43840 2427
43856 2420
43872 2420
43889 2418
43905 2409
43921 2408
43938 2407
43954 2398
43970 2401
43988 2396
44004 2393
44021 2392
44037 2390
44053 2391
44070 2386
44086 2380
44102 2380
44119 2376
44135 2376
44151 2377
44168 2373
44184 2364
44200 2367
44217 2372
44233 2366
44249 2364
44266 2363
44282 2372
44298 2362
44315 2362
44331 2356
44347 2361
44364 2359
44380 2353
44396 2356
44413 2359
44429 2358
44445 2359
44462 2355
44478 2354
44494 2359
44511 2361
44527 2360
44543 2359
44560 2353
44576 2362
44592 2364
44609 2368
44625 2362
44641 2371
44658 2357
44674 2366
44690 2395
44707 2370
44723 2373
44739 2370
44756 2378
44772 2378
44788 2382
44805 2385
44821 2381
44837 2383
44854 2392
44870 2393
44886 2396
44903 2401
44919 2391
44935 2401
44952 2407
44968 2411
44985 2420
45002 2424
45018 2424
45034 2425
45051 2434
45067 2440
45083 2434
45100 2441
45116 2444
45132 2448
45149 2451
45165 2459
45181 2468
45198 2471
45214 2470
45230 2475
45247 2475
45263 2483
45279 2488
45296 2496
45312 2498
45328 2502
45345 2518
45361 2518
45377 2524
45394 2531
45410 2533
45426 2554
45443 2545
45459 2551
45475 2554
45492 2564
45508 2567
45524 2569
45541 2577
45557 2584
45573 2583
45590 2597
45606 2590
45622 2595
45639 2607
45655 2615
45671 2621
45688 2626
45704 2642
45720 2645
45737 2650
45753 2653
45769 2661
45786 2667
45802 2671
45818 2678
45835 2688
45851 2683
45867 2698
45884 2700
45900 2707
45916 2716
45933 2719
45949 2727
45965 2736
45982 2733
45999 2742
46016 2747
46032 2759
46048 2755
46065 2768
46081 2779
46097 2779
46114 2785
46130 2790
46146 2793
46163 2803
46179 2807
46195 2813
46212 2819
46228 2825
46244 2831
46261 2833
46277 2821
46293 2842
46310 2838
46326 2855
46342 2857
46359 2874
46375 2868
46391 2869
46408 2877
46424 2886
46440 2889
46457 2894
46473 2895
46489 2906
46506 2898
46522 2922
46538 2931
46555 2920
46571 2926
46587 2924
46604 2930
46620 2933
46636 2940
46653 2942
46669 2931
46685 2945
46702 2942
46718 2953
46734 2957
46751 2956
46767 2965
46783 2970
46800 2971
46816 2961
46832 2976
46849 2976
46865 2982
46881 2980
46898 2986
46914 2985
46930 2989
46947 2988
46963 2986
46979 2992
46996 2993
47012 2994
47028 2988
47045 2995
47061 2991
47077 2997
47094 3004
47110 2998
47126 3004
47143 3005
47159 3006
47175 3004
47192 3002
47208 3007
47224 3013
47241 3004
47257 3002
47273 3002
47290 3006
47306 3004
47322 3002
47339 2999
47355 2970
47371 2997
47388 2995
47404 2995
47420 2990
47437 2989
47453 2993
47469 2987
47486 2996
47502 2990
47518 2981
47535 2983
47551 2984
47567 2982
47584 2976
47600 2976
47616 2968
47633 2969
47649 2966
47665 2967
47682 2964
47698 2958
47714 2954
47731 2953
47747 2955
47763 2931
47780 2938
47796 2935
47812 2933
47829 2929
47845 2942
47861 2922
47878 2926
47894 2917
47910 2912
47927 2910
47943 2900
47959 2905
47976 2896
47993 2895
48009 2885
48026 2877
48042 2879
48058 2873
48075 2870
48091 2853
48107 2858
48124 2858
48140 2847
48156 2847
48173 2826
48189 2840
48205 2832
48222 2823
48238 2823
48254 2818
48271 2810
48287 2805
48303 2810
48320 2790
48336 2787
48352 2784
48369 2777
48385 2771
48401 2765
48418 2759
48434 2690
48450 2746
48467 2736
48483 2735
48499 2723
48516 2725
48532 2718
48548 2717
48565 2708
48581 2711
48597 2695
48614 2693
48630 2688
48646 2677
48663 2673
48679 2670
48695 2660
48712 2662
48728 2680
48744 2647
48761 2640
48777 2633
48793 2629
48810 2623
48826 2606
48842 2611
48859 2591
48875 2600
48891 2594
48908 2584
48924 2585
48940 2577
48957 2585
48973 2571
48991 2569
49007 2557
49023 2543
49040 2554
49056 2541
49072 2533
49089 2538
49105 2524
49121 2519
49138 2516
49154 2494
49170 2507
49187 2509
49203 2494
49219 2491
49236 2483
49252 2493
49268 2484
49285 2482
49301 2472
49317 2479
49334 2464
49350 2461
49366 2459
49383 2457
49399 2445
49415 2445
49432 2441
49448 2397
49464 2425
49481 2429
49497 2435
49513 2420
49530 2412
49546 2423
49562 2407
49579 2416
49595 2405
49611 2409
49628 2406
49644 2402
49660 2398
49677 2401
49693 2394
49709 2389
49726 2389
49742 2396
49758 2383
49775 2390
49791 2383
49807 2383
49824 2380
49840 2380
49856 2376
49873 2376
49889 2353
49905 2370
49922 2368
49938 2373
49954 2369
49971 2374
49988 2370
50004 2363
50021 2374
50037 2376
50053 2370
50070 2376
50086 2364
50102 2375
50119 2379
50135 2371
50151 2376
50168 2374
50184 2377
50200 2376
50217 2374
50233 2381
50249 2382
50266 2384
50282 2384
50298 2381
50315 2396
50331 2398
50347 2393
50364 2387
50380 2411
50396 2404
50413 2402
50429 2404
50445 2410
50462 2413
50478 2416
50494 2416
50511 2404
50527 2421
50543 2423
50560 2428
50576 2431
50592 2428
50609 2437
50625 2440
50641 2450
50658 2447
50674 2464
50690 2461
50707 2468
50723 2483
50739 2468
50756 2481
50772 2484
50788 2481
50805 2486
50821 2497
50837 2502
50854 2503
50870 2511
50886 2505
50903 2519
50919 2525
50935 2542
50952 2527
50968 2541
50986 2545
51002 2558
51018 2562
51035 2566
51051 2572
51067 2578
51084 2576
51100 2582
51116 2589
51133 2601
51149 2598
51165 2613
51182 2617
51198 2616
51214 2627
51231 2630
51247 2638
51263 2645
51280 2641
51296 2656
51312 2658
51329 2673
51345 2673
51361 2675
51378 2686
51394 2689
51410 2704
51427 2708
51443 2705
51459 2679
51476 2723
51492 2725
51508 2734
51525 2727
51541 2750
51557 2752
51574 2760
51590 2766
51606 2766
51623 2777
51639 2772
51655 2778
51672 2789
51688 2791
51704 2804
51721 2806
51737 2819
51753 2821
51770 2827
51786 2830
51802 2838
51819 2849
51835 2861
51851 2854
51868 2866
51884 2863
51900 2873
51917 2874
51933 2879
51949 2884
51966 2877
51982 2887
51999 2897
52016 2898
52032 2897
52048 2910
52065 2921
52081 2924
52097 2926
52114 2924
52130 2935
52146 2951
52163 2943
52179 2945
52195 2954
52212 2951
52228 2956
52244 2960
52261 2960
52277 2996
52293 2972
52310 2976
52326 2975
52342 2968
52359 2978
52375 2985
52391 2983
52408 2990
52424 2987
52440 2996
52457 2998
52473 3005
52489 3003
52506 3010
52522 3001
52538 2997
52555 3006
52571 3004
52587 3010
52604 3014
52620 3012
52636 3016
52653 3014
52669 3017
52685 3017
52702 3002
52718 3011
52734 3013
52751 3016
52767 3019
52783 3020
52800 3023
52816 3022
52832 3020
52849 3021
52865 3013
52881 3018
52898 3015
52914 3031
52930 3019
52947 3013
52963 3022
52979 3011
52996 3015
53012 3009
53028 3010
53045 3008
53061 2985
53077 3002
53094 2994
53110 3002
53126 3006
53143 2991
53159 2996
53175 2990
53192 2992
53208 2984
53224 2987
53241 2983
53257 2976
53273 2978
53290 2969
53306 2965
53322 2965
53339 2961
53355 2995
53371 2956
53388 2950
53404 2948
53420 2944
53437 2937
53453 2931
53469 2928
53486 2921
53502 2922
53518 2925
53535 2903
53551 2925
53567 2911
53584 2905
53600 2902
53616 2892
53633 2889
53649 2886
53665 2880
53682 2879
53698 2871
53714 2866
53731 2860
53747 2854
53763 2852
53780 2840
53796 2841
53812 2835
53829 2823
53845 2825
53861 2818
53878 2820
53894 2812
53910 2805
53927 2799
53943 2795
53959 2784
53976 2782
53993 2776
54010 2773
54026 2768
54042 2785
54059 2755
54075 2747
54091 2740
54108 2738
54124 2716
54140 2726
54157 2717
54173 2704
54189 2709
54206 2704
54222 2698
54238 2693
54255 2700
54271 2687
54287 2679
54304 2670
54320 2663
54336 2658
54353 2649
54369 2651
54385 2642
54402 2636
54418 2635
54434 2620
54451 2613
54467 2615
54483 2601
54500 2596
54516 2593
54532 2582
54549 2582
54565 2575
54581 2581
54598 2570
54614 2557
54630 2560
54647 2554
54663 2547
54679 2542
54696 2539
54712 2536
54728 2524
54745 2523
54761 2522
54777 2520
54794 2512
54810 2477
54826 2503
54843 2497
54859 2493
54875 2487
54892 2479
54908 2479
54924 2472
54941 2480
54957 2468
54973 2470
54991 2463
55007 2458
55023 2451
55040 2446
55056 2451
55072 2443
55089 2438
55105 2437
55121 2431
55138 2427
55154 2427
55170 2422
55187 2403
55203 2416
55219 2412
55236 2409
55252 2411
55268 2403
55285 2412
55301 2406
55317 2406
55334 2398
55350 2402
55366 2397
55383 2392
55399 2399
55415 2394
55432 2396
55448 2398
55464 2386
55481 2389
55497 2384
55513 2386
55530 2387
55546 2384
55562 2399
55579 2381
55595 2381
55611 2381
55628 2381
55644 2385
55660 2381
55677 2398
55693 2370
55709 2377
55726 2388
55742 2391
55758 2386
55775 2390
55791 2390
55807 2388
55824 2390
55840 2395
55856 2393
55873 2396
55889 2398
55905 2397
55922 2403
55938 2477
55954 2400
55971 2406
55988 2409
56004 2411
56021 2419
56037 2414
56053 2420
56070 2415
56086 2425
56102 2430
56119 2436
56135 2434
56151 2438
56168 2442
56184 2446
56200 2447
56217 2445
56233 2456
56249 2435
56266 2460
56282 2463
56298 2471
56315 2477
56331 2473
56347 2487
56364 2489
56380 2586
56396 2494
56413 2512
56429 2509
56445 2510
56462 2517
56478 2520
56494 2526
56511 2511
56527 2536
56543 2538
56560 2547
56576 2556
56592 2552
56609 2559
56625 2565
56641 2568
56658 2570
56674 2582
56690 2582
56707 2595
56723 2603
56739 2605
56756 2609
56772 2617
56788 2622
56805 2626
56821 2633
56837 2609
56854 2641
56870 2651
56886 2661
56903 2662
56919 2666
56935 2669
56952 2675
56968 2686
56986 2685
57002 2691
57018 2702
57035 2707
57051 2720
57067 2724
57084 2733
57100 2731
57116 2737
57133 2743
57149 2752
57165 2753
57182 2761
57198 2847
57214 2776
57231 2776
57247 2784
57263 2789
57280 2793
57296 2801
57312 2785
57329 2819
57345 2811
57361 2816
57378 2831
57394 2826
57410 2840
57427 2844
57443 2849
57459 2854
57476 2858
57492 2851
57508 2872
57525 2872
57541 2878
57557 2880
57574 2891
57590 2905
57606 2892
57623 2898
57639 2895
57655 2907
57672 2914
57688 2913
57704 2917
57721 2918
57737 2927
57753 2916
57770 2940
57786 2942
57802 2946
57819 2946
57835 2992
57851 2953
57868 2953
57884 2957
57900 2959
57917 2963
57933 2969
57949 2967
57966 2968
57984 2957
58001 2974
58017 3000
58033 2977
58050 2982
58066 2977
58082 2990
58099 2991
58115 2995
58131 2991
58148 2993
58164 3000
58180 2997
58197 3000
58213 2998
58229 2999
58246 3003
58262 2999
58278 3002
58295 3005
58311 3003
58327 3003
58344 3005
58360 3004
58376 3001
58393 2998
58409 3006
58425 2999
58442 3010
58458 2991
58474 3004
58491 3001
58507 3005
58523 3002
58540 2999
58556 3002
58572 2996
58589 3004
58605 2996
58621 2994
58638 2998
58654 2992
58670 2984
58687 2984
58703 2984
58719 2986
58736 2978
58752 2975
58768 2973
58785 2993
58801 2976
58817 2974
58834 2967
58850 2965
58866 2960
58883 2959
58899 2959
58915 2950
58932 2947
58948 2946
58964 2947
58981 2932
58998 2935
59014 2928
59031 2924
59047 2900
59063 2909
59080 2910
59096 2898
59112 2903
59129 2895
59145 2903
59161 2898
59178 2862
59194 2886
59210 2878
59227 2874
59243 2871
59259 2870
59276 2856
59292 2855
59308 2850
59325 2845
59341 2842
59357 2834
59374 2829
59390 2824
59406 2825
59423 2811
59439 2803
59455 2801
59472 2800
59488 2790
59504 2792
59521 2782
59537 2782
59553 2773
59570 2763
59586 2765
59602 2751
59619 2751
59635 2745
59651 2739
59668 2731
59684 2727
59700 2720
59717 2716
59733 2711
59749 2703
59766 2695
59782 2693
59798 2685
59815 2676
59831 2667
59847 2666
59864 2669
59880 2662
59896 2655
59913 2616
59929 2637
59945 2634
59962 2629
59978 2626
59995 2616
60012 2612
60028 2612
60044 2600
60061 2597
60077 2592
60093 2576
60110 2571
60126 2574
60142 2564
60159 2559
60175 2555
60191 2548
60208 2558
60224 2493
60240 2538
60257 2534
60273 2525
60289 2520
60306 2516
60322 2512
60338 2508
60355 2502
60371 2498
60387 2494
60404 2488
60420 2484
60436 2474
60453 2484
60469 2467
60485 2462
60502 2461
60518 2464
60534 2452
60551 2443
60567 2440
60583 2440
60600 2438
60616 2414
60632 2429
60649 2425
60665 2419
60681 2419
60698 2416
60714 2411
60730 2410
60747 2406
60763 2402
60779 2408
60796 2399
60812 2395
60828 2396
60845 2390
60861 2392
60877 2390
60894 2386
60910 2371
60926 2379
60943 2378
60959 2374
60975 2377
60993 2376
61009 2369
61025 2369
61042 2368
61058 2367
61074 2367
61091 2367
61107 2365
61123 2362
61140 2365
61156 2362
61172 2351
61189 2370
61205 2362
61221 2368
61238 2361
61254 2366
61270 2376
61287 2371
61303 2364
61319 2363
61336 2363
61352 2366
61368 2367
61385 2371
61401 2385
61417 2364
61434 2358
61450 2376
61466 2374
61483 2378
61499 2377
61515 2380
61532 2382
61548 2385
61564 2386
61581 2387
61597 2389
61613 2392
61630 2405
61646 2397
61662 2407
61679 2409
61695 2409
61711 2412
61728 2420
61744 2416
61760 2427
61777 2430
61793 2423
61809 2428
61826 2436
61842 2438
61858 2444
61875 2450
61891 2447
61907 2445
61924 2459
61940 2459
61956 2466
61973 2471
61990 2481
62007 2486
62023 2486
62039 2496
62056 2498
62072 2504
62088 2508
62105 2511
62121 2519
62137 2518
62154 2530
62170 2530
62186 2537
62203 2541
62219 2546
62235 2553
62252 2563
62268 2558
62284 2566
62301 2575
62317 2575
62333 2590
62350 2597
62366 2599
62382 2606
62399 2610
62415 2616
62431 2612
62448 2627
62464 2632
62480 2638
62497 2647
62513 2648
62529 2657
62546 2666
62562 2655
62578 2673
62595 2680
62611 2678
62627 2690
62644 2693
62660 2700
62676 2704
62693 2731
62709 2719
62725 2732
62742 2733
62758 2741
62774 2741
62791 2750
62807 2761
62823 2763
62840 2770
62856 2771
62872 2778
62889 2783
62905 2795
62921 2795
62938 2800
62954 2808
62970 2802
62988 2813
63004 2822
63020 2822
63037 2837
63053 2836
63069 2836
63086 2843
63102 2853
63118 2855
63135 2864
63151 2868
63167 2873
63184 2876
63200 2884
63216 2885
63233 2892
63249 2899
63265 2898
63282 2903
63298 2906
63314 2908
63331 2916
63347 2914
63363 2922
63380 2920
63396 2932
63412 2933
63429 2938
63445 2940
63461 2946
63478 2947
63494 2946
63510 2991
63527 2948
63543 2957
63559 2959
63576 2962
63592 2964
63608 2968
63625 2969
63641 2965
63657 2976
63674 2960
63690 2974
63706 2973
63723 2981
63739 2981
63755 2990
63772 2988
63788 2990
63804 2988
63821 2991
63837 2997
63853 2992
63870 2995
63886 2986
63902 2992
63919 2993
63935 2988
63951 2995
63968 2995
63985 2995
64001 2994
64018 3027
64034 2989
64050 2987
64067 2991
64083 2986
64099 2997
64116 2991
64132 2992
64148 2986
64165 2985
64181 2977
64197 2983
64214 2981
64230 2980
64246 2979
64263 2978
64279 2977
64295 2976
64312 2972
64328 2971
64344 2968
64361 2963
64377 2966
64393 2957
64410 2951
64426 2953
64442 2950
64459 2963
64475 2944
64491 2946
64508 2931
64524 2933
64540 2934
64557 2928
64573 2926
64589 2920
64606 2918
64622 2919
64638 2916
64655 2908
64671 2903
64687 2898
64704 2892
64720 2895
64736 2875
64753 2879
64769 2873
64785 2874
64802 2865
64818 2868
64834 2826
64851 2854
64867 2851
64883 2845
64900 2840
64916 2835
64932 2829
64949 2825
64965 2820
64981 2813
64999 2812
65015 2803
65032 2800
65048 2791
65064 2769
65081 2778
65097 2767
65113 2769
65130 2761
65146 2765
65162 2760
65179 2751
65195 2742
65211 2739
65228 2734
65244 2728
65260 2721
65277 2743
65293 2709
65309 2701
65326 2701
65342 2696
65358 2689
65375 2679
65391 2674
65407 2670
65424 2664
65440 2656
65456 2649
65473 2641
65489 2640
65505 2633
65522 2634
65538 2622
65554 2631
65571 2611
65587 2606
65603 2606
65620 2593
65636 2594
65652 2588
65669 2577
65685 2574
65701 2570
65718 2563
65734 2558
65750 2554
65767 2549
65783 2540
65799 2539
65816 2527
65832 2519
65848 2515
65865 2514
65881 2523
65897 2510
65914 2509
65930 2504
65946 2490
65963 2490
65979 2484
65995 2482
66012 2477
66028 2471
66044 2466
66061 2461
66077 2457
66093 2455
66110 2450
66126 2452
66142 2440
66159 2438
66175 2433
66191 2424
66208 2427
66224 2428
66240 2429
66257 2422
66273 2420
66289 2411
66306 2407
66322 2412
66338 2409
66355 2411
66371 2397
66387 2391
66404 2403
66420 2391
66436 2386
66453 2384
66469 2380
66485 2366
66502 2377
66518 2372
66534 2379
66551 2370
66567 2372
66583 2370
66600 2376
66616 2372
66632 2369
66649 2374
66665 2361
66681 2363
66698 2367
66714 2366
66730 2368
66747 2363
66763 2366
66779 2357
66796 2361
66812 2365
66828 2361
66845 2365
66861 2369
66877 2355
66894 2360
66910 2363
66926 2363
66943 2363
66959 2365
66975 2375
66993 2370
67009 2373
67026 2375
67042 2371
67059 2377
67075 2378
67092 2381
67108 2387
67124 2386
67141 2388
67157 2390
67174 2398
67190 2378
67207 2399
67223 2413
67239 2404
67256 2404
67272 2409
67289 2405
67305 2424
67322 2415
67338 2428
67354 2424
67371 2435
67387 2441
67404 2436
67420 2435
67437 2442
67453 2452
67469 2456
67486 2460
67502 2463
67519 2461
67535 2452
67552 2480
67568 2482
67584 2502
67601 2492
67617 2526
67634 2504
67650 2505
67667 2507
67683 2515
67699 2524
67716 2526
67732 2536
67749 2537
67765 2548
67782 2553
67798 2554
67814 2550
67831 2554
67847 2568
67864 2571
67880 2581
67897 2583
67913 2599
67929 2599
67946 2610
67962 2618
67979 2619
67995 2623
68012 2627
68028 2633
68045 2643
68061 2648
68078 2651
68094 2664
68110 2664
68127 2672
68143 2670
68160 2682
68176 2682
68193 2695
68209 2722
68225 2722
68242 2714
68258 2723
68275 2719
68291 2733
68308 2737
68324 2749
68340 2748
68357 2754
68373 2767
68390 2766
68406 2742
68423 2777
68439 2784
68455 2789
68472 2791
68488 2797
68505 2803
68521 2812
68538 2808
68554 2826
68570 2830
68587 2836
68603 2842
68620 2844
68636 2853
68653 2856
68669 2856
68685 2869
68702 2873
68718 2875
68735 2881
68751 2883
68768 2889
68784 2887
68800 2896
68817 2898
68833 2907
68850 2907
68866 2926
68883 2921
68899 2934
68915 2929
68932 2932
68948 2942
68965 2937
68981 2945
68999 2946
69015 2947
69032 2954
69048 2961
69065 2960
69081 2940
69097 2967
69114 2965
69130 2972
69147 2969
69163 2976
69180 2984
69196 2984
69212 2977
69229 2997
69245 2984
69262 2996
69278 2993
69295 2990
69311 2996
69327 2990
69344 2999
69360 3001
69377 3004
69393 3004
69410 2994
69426 3001
69442 3002
69459 3009
69475 3002
69492 3017
69508 3009
69525 3010
69541 3010
69557 3011
69574 3007
69590 3008
69607 3006
69623 3008
69640 3016
69656 3007
69672 3007
69689 3003
69705 3005
69722 3001
69738 2997
69755 3007
69771 2999
69787 2997
69804 3003
69820 2996
69837 2999
69853 2992
69870 2994
69886 2983
69902 2986
69919 2984
69935 2975
69952 2980
69968 2975
69986 2972
70002 2975
70019 2967
70035 2967
70051 2955
70068 2966
70084 2955
70101 2959
70117 2958
70134 2947
70150 2946
70166 2940
70183 2937
70199 2925
70216 2927
70232 2918
70249 2917
70265 2916
70281 2927
70298 2905
70314 2905
70331 2904
70347 2878
70364 2888
70380 2869
70396 2883
70413 2873
70429 2874
70446 2871
70462 2870
70479 2856
70495 2852
70511 2785
70528 2845
70544 2840
70561 2826
70577 2832
70594 2823
70610 2823
70626 2812
70643 2809
70659 2802
70676 2794
70692 2789
70709 2782
70725 2780
70741 2777
70758 2768
70774 2760
70791 2761
70807 2755
70824 2747
70840 2743
70856 2727
70873 2731
70889 2727
70906 2721
70922 2715
70939 2729
70955 2701
70971 2695
70989 2681
71005 2682
71022 2682
71038 2669
71055 2673
71071 2665
71088 2658
71104 2650
71120 2661
71137 2639
71153 2635
71170 2630
71186 2622
71203 2617
71219 2611
71235 2611
71252 2601
71268 2600
71285 2572
71301 2585
71318 2578
71334 2571
71350 2566
71367 2574
71383 2560
71400 2557
71416 2547
71433 2502
71449 2540
71465 2532
71482 2530
71498 2523
71515 2519
71531 2514
71548 2510
71564 2505
71580 2501
71597 2495
71613 2481
71630 2483
71646 2479
71663 2479
71679 2471
71695 2476
71712 2468
71728 2465
71745 2458
71761 2456
71778 2449
71794 2451
71810 2442
71827 2441
71843 2440
71860 2455
71876 2434
71893 2427
71909 2431
71925 2422
71942 2416
71958 2421
71975 2406
71992 2412
72009 2415
72025 2409
72042 2431
72058 2403
72074 2399
72091 2389
72107 2392
72124 2395
72140 2393
72157 2389
72173 2391
72189 2387
72206 2383
72222 2396
72239 2388
72255 2381
72272 2380
72288 2380
72304 2389
72321 2384
72337 2387
72354 2376
72370 2384
72387 2383
72403 2380
72419 2384
72436 2382
72452 2385
72469 2382
72485 2396
72502 2389
72518 2384
72534 2380
72551 2373
72567 2384
72584 2382
72600 2393
72617 2390
72633 2406
72649 2398
72666 2403
72682 2401
72699 2402
72715 2403
72732 2413
72748 2412
72764 2407
72781 2422
72797 2418
72814 2419
72830 2420
72847 2425
72863 2427
72879 2431
72896 2430
72912 2388
72929 2438
72945 2444
72962 2449
72978 2452
72996 2458
73012 2461
73028 2461
73045 2468
73061 2473
73078 2476
73094 2488
73111 2482
73127 2487
73143 2498
73160 2496
73176 2503
73193 2506
73209 2508
73226 2515
73242 2517
73258 2533
73275 2544
73291 2538
73308 2540
73324 2545
73341 2560
73357 2557
73373 2561
73390 2570
73406 2565
73423 2577
73439 2586
73456 2594
73472 2602
73488 2582
73505 2612
73521 2609
73538 2615
73554 2621
73571 2636
73587 2631
73603 2643
73620 2647
73636 2657
73653 2670
73669 2665
73686 2672
73702 2673
73718 2686
73735 2690
73751 2687
73768 2701
73784 2712
73801 2714
73817 2709
73833 2741
73850 2727
73866 2735
73883 2734
73899 2756
73916 2764
73932 2766
73948 2769
73965 2769
73981 2778
73999 2784
74015 2798
74032 2798
74048 2802
74065 2808
74081 2817
74097 2819
74114 2824
74130 2830
74147 2835
74163 2841
74180 2844
74196 2852
74212 2864
74229 2867
74245 2858
74262 2879
74278 2880
74295 2885
74311 2889
74327 2883
74344 2898
74360 2899
74377 2912
74393 2923
74410 2916
74426 2920
74442 2925
74459 2922
74475 2930
74492 2933
74508 2951
74525 2948
74541 2951
74557 2950
74574 2957
74590 2959
74607 2958
74623 2969
74640 2943
74656 2969
74672 2973
74689 2976
74705 2982
74722 2982
74738 2985
74755 2974
74771 2989
74787 2988
74804 2995
74820 2994
74837 3011
74853 3011
74870 3019
74886 3003
74902 3009
74919 3006
74935 3009
74952 3013
74968 3009
74986 3010
75002 3014
75019 3016
75035 3017
75051 3001
75068 3000
75084 3012
75101 3016
75117 3011
75134 3022
75150 3022
75166 3022
75183 3014
75199 2974
75216 3020
75232 3012
75249 3017
75265 3013
75281 3013
75298 3012
75314 3009
75331 3011
75347 3008
75364 3009
75380 2983
75396 3001
75413 2998
75429 3000
75446 2995
75462 3002
75479 2998
75495 2995
75511 2922
75528 2991
75544 2989
75561 2985
75577 2981
75594 2980
75610 2974
75626 2972
75643 2967
75659 2964
75676 2965
75692 2938
75709 2955
75725 2948
75741 2947
75758 2943
75774 2950
75791 2941
75807 2936
75824 2929
75840 2928
75856 2923
75873 2921
75889 2916
75906 2910
75922 2905
75939 2882
75955 2895
75971 2891
75989 2885
76005 2875
76022 2871
76038 2879
76055 2865
76071 2874
76088 2860
76104 2855
76120 2817
76137 2842
76153 2838
76170 2834
76186 2827
76203 2822
76219 2817
76235 2813
76252 2802
76268 2801
76285 2790
76301 2791
76318 2776
76334 2775
76350 2759
76367 2767
76383 2757
76400 2759
76416 2758
76433 2778
76449 2736
76465 2735
76482 2727
76498 2722
76515 2716
76531 2709
76548 2703
76564 2694
76580 2691
76597 2684
76613 2694
76630 2674
76646 2670
76663 2658
76679 2651
76695 2647
76712 2652
76728 2644
76745 2631
76761 2624
76778 2625
76794 2617
76810 2610
76827 2624
76843 2599
76860 2585
76876 2588
76893 2584
76909 2571
76925 2573
76942 2568
76958 2547
76975 2555
76992 2553
77009 2542
77025 2542
77042 2548
77058 2531
77074 2526
77091 2523
77107 2516
77124 2513
77140 2503
77157 2497
77173 2501
77189 2491
77206 2487
77222 2474
77239 2478
77255 2475
77272 2471
77288 2468
77304 2461
77321 2458
77337 2449
77354 2443
77370 2445
77387 2442
77403 2438
77419 2432
77436 2437
77452 2427
77469 2424
77485 2395
77502 2420
77518 2415
77534 2416
77551 2397
77567 2409
77584 2413
77600 2402
77617 2401
77633 2397
77649 2396
77666 2392
77682 2390
77699 2390
77715 2387
77732 2370
77748 2384
77764 2382
77781 2373
77797 2377
77814 2377
77830 2381
77847 2375
77863 2373
77879 2374
77896 2376
77912 2418
77929 2373
77945 2374
77962 2375
77978 2390
77996 2374
78012 2368
78028 2376
78045 2368
78061 2373
78078 2389
78094 2371
78111 2380
78127 2368
78143 2369
78160 2374
78176 2385
78193 2381
78209 2379
78226 2378
78242 2384
78258 2386
78275 2398
78291 2394
78308 2388
78324 2398
78341 2396
78357 2401
78373 2402
78390 2406
78406 2387
78423 2413
78439 2413
78456 2419
78472 2421
78488 2419
78505 2427
78521 2423
78538 2430
78554 2436
78571 2440
78587 2438
78603 2457
78620 2449
78636 2457
78653 2463
78669 2466
78686 2467
78702 2476
78718 2480
78735 2484
78751 2487
78768 2491
78784 2497
78801 2500
78817 2509
78833 2573
78850 2516
78866 2519
78883 2520
78899 2517
78916 2543
78932 2541
78948 2549
78965 2554
78981 2556
78999 2566
79015 2553
79032 2572
79048 2578
79065 2576
79081 2591
79097 2599
79114 2604
79130 2609
79147 2621
79163 2614
79180 2621
79196 2632
79212 2633
79229 2646
79245 2653
79262 2654
79278 2661
79295 2657
79311 2671
79327 2598
79344 2673
79360 2696
79377 2703
79393 2702
79410 2710
79426 2711
79442 2722
79459 2716
79475 2729
79492 2731
79508 2734
79525 2742
79541 2758
79557 2763
79574 2762
79590 2776
79607 2777
79623 2781
79640 2780
79656 2792
79672 2801
79689 2808
79705 2811
79722 2811
79738 2827
79755 2831
79771 2834
79787 2838
79804 2841
79820 2847
79837 2854
79853 2854
79870 2861
79886 2874
79902 2872
79919 2880
79935 2883
79952 2885
79968 2892
79986 2891
80002 2901
80019 2907
80035 2915
80051 2913
80068 2898
80084 2911
80101 2923
80117 2921
80134 2933
80150 2934
80166 2943
80183 2936
80199 2884
80216 2951
80232 2952
80249 2953
80265 2958
80281 2963
80298 2964
80314 2959
80331 2967
80347 2973
80364 2973
80380 2976
80396 2977
80413 2974
80429 2967
80446 2979
80462 2984
80479 2997
80495 2990
80511 2992
80528 2993
80544 2994
80561 3000
80577 2994
80594 2995
80610 2997
80626 2996
80643 2999
80659 2997
80676 2996
80692 2998
80709 2998
80725 2995
80741 2998
80758 2993
80774 2992
80791 2993
80807 2998
80824 3000
80840 2997
80856 2994
80873 2990
80889 2993
80906 2993
80922 2991
80939 2990
80955 2990
80971 2985
80989 2985
81005 2992
81022 2970
81038 2979
81055 2971
81071 2972
81088 2969
81104 2977
81120 2991
81137 2970
81153 2960
81170 2962
81186 2959
81203 2953
81219 2950
81235 2950
81252 2948
81268 2946
81285 2940
81301 2936
81318 2935
81334 2929
81350 2918
81367 2916
81383 2915
81400 2911
81416 2910
81433 2897
81449 2902
81465 2900
81482 2894
81498 2889
81515 2885
81531 2883
81548 2864
81564 2873
81580 2866
81597 2862
81613 2853
81630 2850
81646 2847
81663 2829
81679 2832
81695 2823
81712 2828
81728 2820
81745 2824
81761 2815
81778 2810
81794 2801
81810 2798
81827 2790
81843 2786
81860 2787
81876 2769
81893 2774
81909 2768
81925 2755
81942 2752
81958 2755
81975 2740
81992 2723
82009 2724
82025 2720
82042 2718
82058 2708
82074 2708
82091 2698
82107 2697
82124 2689
82140 2683
82157 2671
82173 2661
82189 2663
82206 2657
82222 2655
82239 2647
82255 2644
82272 2636
82288 2622
82304 2624
82321 2614
82337 2612
82354 2595
82370 2608
82387 2599
82403 2595
82419 2583
82436 2583
82452 2574
82469 2572
82485 2580
82502 2560
82518 2553
82534 2551
82551 2544
82567 2531
82584 2534
82600 2526
82617 2521
82633 2512
82649 2509
82666 2503
82682 2517
82699 2499
82715 2499
82732 2489
82748 2488
82764 2479
82781 2470
82797 2475
82814 2460
82830 2462
82847 2456
82863 2452
82879 2450
82896 2443
82912 2437
82929 2415
82945 2431
82962 2422
82978 2428
82996 2425
83012 2422
83028 2412
83045 2415
83061 2404
83078 2414
83094 2403
83111 2393
83127 2397
83143 2395
83160 2392
83176 2387
83193 2387
83209 2384
83226 2367
83242 2375
83258 2371
83275 2373
83291 2368
83308 2374
83324 2371
83341 2380
83357 2368
83373 2360
83390 2367
83406 2370
83423 2363
83439 2359
83456 2363
83472 2360
83488 2362
83505 2357
83521 2360
83538 2357
83554 2350
83571 2356
83587 2349
83603 2358
83620 2356
83636 2361
83653 2361
83669 2362
83686 2359
83702 2366
83718 2362
83735 2365
83751 2361
83768 2369
83784 2365
83801 2368
83817 2370
83833 2365
83850 2376
83866 2362
83883 2376
83899 2375
83916 2383
83932 2380
83948 2390
83965 2398
83981 2397
83999 2394
84015 2351
84032 2402
84048 2408
84065 2410
84081 2409
84097 2413
84114 2420
84130 2424
84147 2423
84163 2410
84180 2430
84196 2422
84212 2436
84229 2442
84245 2462
84262 2451
84278 2462
84295 2464
84311 2471
84327 2475
84344 2473
84360 2485
84377 2482
84393 2486
84410 2496
84426 2503
84442 2504
84459 2506
84475 2509
84492 2511
84508 2523
84525 2525
84541 2533
84557 2538
84574 2552
84590 2553
84607 2553
84623 2562
84640 2566
84656 2577
84672 2581
84689 2584
84705 2591
84722 2597
84738 2597
84755 2600
84771 2613
84787 2620
84804 2622
84820 2628
84837 2631
84853 2640
84870 2648
84886 2685
84902 2662
84919 2678
84935 2673
84952 2681
84968 2687
84986 2689
85002 2696
85019 2707
85035 2704
85051 2716
85068 2694
85084 2729
85101 2737
85117 2731
85134 2740
85150 2746
85166 2755
85183 2780
85199 2778
85216 2776
85232 2781
85249 2789
85265 2795
85281 2790
85298 2804
85314 2801
85331 2813
85347 2819
85364 2822
85380 2838
85396 2833
85413 2841
85429 2832
85446 2850
85462 2847
85479 2857
85495 2860
85511 2870
85528 2877
85544 2881
85561 2879
85577 2891
85594 2889
85610 2898
85626 2900
85643 2904
85659 2911
85676 2914
85692 2917
85709 2919
85725 2920
85741 2929
85758 2923
85774 2933
85791 2938
85807 2950
85824 2941
85840 2952
85856 2945
85873 2955
85889 2961
85906 2956
85922 2969
85939 2968
85955 2962
85971 2972
85989 2975
86005 2975
86022 2981
86038 2972
86055 2980
86071 2983
86088 2974
86104 2985
86120 2984
86137 2994
86153 2993
86170 2995
86186 2986
86203 2997
86219 2995
86235 2996
86252 3001
86268 2998
86285 2994
86301 2994
86318 2999
86334 2998
86350 3002
86367 2973
86383 2996
86400 2989
86416 2993
86433 2994
86449 3009
86465 2995
86482 2994
86498 2991
86515 2995
86531 3002
86548 2989
86564 2986
86580 2983
86597 2986
86613 2981
86630 2985
86646 2981
86663 2976
86679 2975
86695 2963
86712 2965
86728 2965
86745 2964
86761 2958
86778 2964
86794 2960
86810 2957
86827 2953
86843 2943
86860 2950
86876 2946
86893 2943
86909 2941
86925 2936
86942 2925
86958 2923
86975 2920
86992 2911
87009 2911
87025 2900
87042 2908
87058 2897
87074 2905
87091 2908
87107 2892
87124 2886
87140 2885
87157 2877
87173 2887
87189 2868
87206 2863
87222 2863
87239 2848
87255 2851
87272 2843
87288 2840
87304 2832
87321 2824
87337 2820
87354 2824
87370 2812
87387 2820
87403 2807
87419 2805
87436 2794
87452 2809
87469 2780
87485 2788
87502 2774
87518 2771
87534 2763
87551 2751
87567 2749
87584 2743
87600 2738
87617 2733
87633 2712
87649 2709
87666 2706
87682 2709
87699 2701
87715 2702
87732 2709
87748 2688
87764 2682
87781 2674
87797 2668
87814 2662
87830 2659
87847 2656
87863 2650
87879 2647
87896 2636
87912 2639
87929 2621
87945 2618
87962 2608
87978 2602
87996 2598
88012 2600
88028 2589
88045 2586
88061 2576
88078 2576
88094 2573
88111 2563
88127 2544
88143 2554
88160 2553
88176 2539
88193 2540
88209 2534
88226 2527
88242 2523
88258 2529
88275 2508
88291 2502
88308 2501
88324 2492
88341 2495
88357 2492
88373 2486
88390 2481
88406 2469
88423 2472
88439 2466
88456 2471
88472 2458
88488 2462
88505 2452
88521 2450
88538 2441
88554 2442
88571 2417
88587 2495
88603 2422
88620 2424
88636 2425
88653 2430
88669 2420
88686 2417
88702 2409
88718 2412
88735 2405
88751 2403
88768 2404
88784 2398
88801 2396
88817 2392
88833 2398
88850 2395
88866 2388
88883 2381
88899 2374
88916 2380
88932 2377
88948 2379
88965 2314
88981 2381
88999 2377
89015 2378
89032 2376
89048 2373
89065 2371
89081 2371
89097 2374
89114 2372
89130 2372
89147 2369
89163 2372
89180 2373
89196 2368
89212 2374
89229 2366
89245 2374
89262 2371
89278 2378
89295 2373
89311 2383
89327 2377
89344 2381
89360 2380
89377 2390
89393 2383
89410 2384
89426 2387
89442 2382
89459 2396
89475 2393
89492 2393
89508 2394
89525 2395
89541 2398
89557 2400
89574 2405
89590 2426
89607 2417
89623 2415
89640 2449
89656 2424
89672 2424
89689 2430
89705 2433
89722 2434
89738 2440
89755 2443
89771 2446
89787 2449
89804 2452
89820 2459
89837 2451
89853 2467
89870 2462
89886 2459
89902 2479
89919 2493
89935 2498
89952 2493
89968 2494
89986 2508
90002 2497
90019 2502
90035 2519
90051 2523
90068 2552
90084 2532
90101 2538
90117 2545
90134 2539
90150 2551
90166 2559
90183 2563
90199 2565
90216 2582
90232 2582
90249 2590
90265 2593
90281 2604
90298 2606
90314 2612
90331 2618
90347 2623
90364 2631
90380 2641
90396 2641
90413 2647
90429 2653
90446 2669
90462 2672
90479 2670
90495 2672
90511 2684
90528 2684
90544 2703
90561 2694
90577 2705
90594 2713
90610 2726
90626 2731
90643 2734
90659 2736
90676 2746
90692 2752
90709 2756
90725 2767
90741 2767
90758 2778
90774 2761
90791 2784
90807 2779
90824 2796
90840 2802
90856 2817
90873 2818
90889 2832
90906 2828
90922 2842
90939 2843
90955 2844
90971 2854
90989 2844
91005 2856
91022 2864
91038 2870
91055 2875
91071 2880
91088 2859
91104 2876
91120 2888
91137 2895
91153 2916
91170 2909
91186 2913
91203 2920
91219 2919
91235 2928
91252 2928
91268 2936
91285 2936
91301 2971
91318 2945
91334 2948
91350 2948
91367 2956
91383 2959
91400 2958
91416 2964
91433 2993
91449 2969
91465 2972
91482 2983
91498 2982
91515 2986
91531 2978
91548 2987
91564 2990
91580 2997
91597 2996
91613 2988
91630 2998
91646 2996
91663 3004
91679 3002
91695 3006
91712 3007
91728 3009
91745 3003
91761 3008
91778 3007
91794 3028
91810 3018
91827 3017
91843 3016
91860 3019
91876 3015
91893 3016
91909 3018
91925 3021
91942 3016
91958 3016
91975 3018
91992 3013
92009 3015
92025 3006
92042 3011
92058 3005
92074 3009
92091 3006
92107 3011
92124 3011
92140 3010
92157 3005
92173 3005
92189 3001
92206 3012
92222 3000
92239 2999
92255 2996
92272 2991
92288 2989
92304 2986
92321 2985
92337 2975
92354 2974
92370 2988
92387 2974
92403 2967
92419 2974
92436 2968
92452 2967
92469 2959
92485 2958
92502 2952
92518 2949
92534 2948
92551 2818
92567 2938
92584 2934
92600 2921
92617 2926
92633 2922
92649 2919
92666 2925
92682 2907
92699 2899
92715 2907
92732 2861
92748 2897
92764 2889
92781 2753
92797 2881
92814 2875
92830 2864
92847 2864
92863 2858
92879 2853
92896 2849
92912 2827
92929 2838
92945 2833
92962 2831
92978 2804
92996 2812
93012 2808
93028 2802
93045 2805
93061 2792
93078 2796
93094 2775
93111 2778
93127 2774
93143 2770
93160 2772
93176 2756
93193 2750
93209 2740
93226 2739
93242 2732
93258 2727
93275 2790
93291 2707
93308 2697
93324 2715
93341 2698
93357 2705
93373 2688
93390 2686
93406 2693
93423 2671
93439 2669
93456 2653
93472 2654
93488 2648
93505 2643
93521 2634
93538 2630
93554 2624
93571 2618
93587 2737
93603 2600
93620 2599
93636 2591
93653 2592
93669 2586
93686 2583
93702 2575
93718 2572
93735 2565
93751 2563
93768 2555
93784 2551
93801 2545
93817 2538
93833 2514
93850 2531
93866 2526
93883 2519
93899 2517
93916 2507
93932 2509
93948 2500
93965 2493
93981 2490
93999 2491
94015 2496
94032 2477
94048 2476
94065 2473
94081 2469
94097 2464
94114 2460
94130 2458
94147 2417
94163 2449
94180 2446
94196 2438
94212 2438
94229 2432
94245 2435
94262 2431
94278 2438
94295 2426
94311 2423
94327 2437
94344 2418
94360 2413
94377 2412
94393 2411
94410 2407
94426 2405
94442 2404
94459 2419
94475 2398
94492 2397
94508 2396
94525 2392
94541 2394
94557 2392
94574 2389
94590 2391
94607 2384
94623 2384
94640 2355
94656 2387
94672 2384
94689 2389
94705 2388
94722 2384
94738 2381
94755 2385
94771 2383
94787 2385
94804 2383
94820 2386
94837 2391
94853 2385
94870 2405
94886 2386
94902 2382
94919 2390
94935 2386
94952 2398
94968 2396
94986 2395
95002 2398
95019 2399
95035 2402
95051 2403
95068 2390
95084 2408
95101 2411
95117 2408
95134 2412
95150 2418
95166 2413
95183 2418
95199 2424
95216 2427
95232 2427
95249 2438
95265 2442
95281 2443
95298 2446
95314 2447
95331 2449
95347 2457
95364 2461
95380 2468
95396 2477
95413 2470
95429 2474
95446 2475
95462 2482
95479 2488
95495 2485
95511 2484
95528 2499
95544 2503
95561 2522
95577 2515
95594 2524
95610 2525
95626 2528
95643 2535
95659 2539
95676 2547
95692 2553
95709 2555
95725 2559
95741 2565
95758 2571
95774 2576
95791 2582
95807 2583
95824 2599
95840 2591
95856 2599
95873 2608
95889 2617
95906 2623
95922 2626
95939 2633
95955 2635
95971 2650
95989 2667
96005 2659
96022 2661
96038 2664
96055 2674
96071 2680
96088 2689
96104 2681
96120 2729
96137 2701
96153 2704
96170 2715
96186 2717
96203 2735
96219 2739
96235 2757
96252 2726
96268 2749
96285 2758
96301 2760
96318 2767
96334 2779
96350 2786
96367 2789
96383 2785
96400 2798
96416 2791
96433 2783
96449 2811
96465 2812
96482 2821
96498 2824
96515 2828
96531 2841
96548 2845
96564 2850
96580 2854
96597 2861
96613 2865
96630 2868
96646 2876
96663 2883
96679 2878
96695 2878
96712 2892
96728 2903
96745 2891
96761 2903
96778 2902
96794 2925
96810 2914
96827 2928
96843 2931
96860 2937
96876 2934
96893 2941
96909 2948
96925 2947
96942 2953
96958 2953
96975 2959
96992 2960
97009 2961
97025 2967
97042 2998
97058 2969
97074 2962
97091 2974
97107 2979
97124 2991
97140 2986
97157 2988
97173 2982
97189 2989
97206 2984
97222 2995
97239 2998
97255 3000
97272 2992
97288 3002
97304 3004
97321 3000
97337 3003
97354 2981
97370 2999
97387 3000
97403 2998
97419 3006
97436 3004
97452 3009
97469 3007
97485 3011
97502 3008
97518 3008
97534 3006
97551 3006
97567 3010
97584 3008
97600 3003
97617 3002
97633 3006
97649 3002
97666 2992
97682 3001
97699 2993
97715 2985
97732 3011
97748 2991
97764 3005
97781 2914
97797 2991
97814 2985
97830 2992
97847 2982
97863 2979
97879 2980
97896 2977
97912 2974
97929 2976
97945 2974
97962 2966
97978 2963
97996 2949
98012 2937
98028 2946
98045 2946
98061 2961
98078 2945
98094 2941
98111 2937
98127 2930
98143 2923
98160 2923
98176 2922
98193 2911
98209 2914
98226 2909
98242 2893
98258 2900
98275 2898
98291 2899
98308 2864
98324 2879
98341 2871
98357 2870
98373 2864
98390 2863
98406 2856
98423 2933
98439 2849
98456 2844
98472 2839
98488 2832
98505 2817
98521 2821
98538 2821
98554 2812
98571 2809
98587 2800
98603 2787
98620 2788
98636 2776
98653 2777
98669 2772
98686 2769
98702 2757
98718 2759
98735 2753
98751 2749
98768 2740
98784 2739
98801 2731
98817 2726
98833 2726
98850 2712
98866 2709
98883 2695
98899 2694
98916 2688
98932 2687
98948 2666
98965 2676
98981 2667
98999 2659
99015 2675
99032 2653
99048 2648
99065 2641
99081 2635
99097 2626
99114 2623
99130 2615
99147 2612
99163 2605
99180 2601
99196 2599
99212 2584
99229 2584
99245 2566
99262 2575
99278 2558
99295 2559
99311 2563
99327 2528
99344 2546
99360 2541
99377 2533
99393 2536
99410 2524
99426 2520
99442 2513
99459 2520
99475 2505
99492 2504
99508 2495
99525 2495
99541 2487
99557 2484
99574 2473
99590 2473
99607 2465
99623 2479
99640 2493
99656 2468
99672 2457
99689 2457
99705 2448
99722 2442
99738 2447
99755 2438
99771 2441
99787 2430
99804 2428
99820 2419
99837 2422
99853 2416
99870 2413
99886 2408
99902 2399
99919 2396
99935 2403
99952 2398
99968 2411
99986 2382
100002 2386
100019 2403
100035 2397
100051 2386
100068 2386
100084 2381
100101 2381
100117 2375
100134 2377
100150 2376
100166 2376
100183 2366
100199 2364
100216 2370
100232 2367
100249 2370
100265 2390
100281 2379
100298 2372
100314 2366
100331 2372
100347 2373
100364 2367
100380 2369
100396 2362
100413 2372
100429 2375
100446 2371
100462 2371
100479 2374
100495 2374
100511 2363
100528 2373
100544 2372
100561 2348
100577 2378
100594 2387
100610 2385
100626 2389
100643 2387
100659 2389
100676 2389
100692 2393
100709 2394
100725 2393
100741 2401
100758 2402
100774 2402
100790 2408
100806 2403
100823 2418
100839 2415
100855 2405
100872 2420
100888 2417
100904 2425
100920 2433
100937 2516
100953 2444
100969 2446
100987 2448
101003 2454
101019 2457
101035 2459
101052 2470
101068 2472
101084 2473
101101 2479
101117 2482
101133 2480
101149 2496
101166 2494
101182 2500
101198 2523
101215 2492
101231 2515
101247 2515
101263 2521
101280 2532
101296 2531
101312 2551
101329 2559
101345 2551
101361 2565
101377 2553
101394 2576
101410 2571
101426 2578
101443 2586
101459 2583
101475 2593
101491 2601
101508 2613
101524 2611
101540 2619
101557 2621
101573 2630
101589 2637
101605 2627
101622 2648
101638 2644
101654 2653
101671 2663
101687 2668
101703 2677
101719 2685
101736 2691
101752 2694
101768 2699
101785 2703
101801 2714
101817 2720
101833 2762
101850 2729
101866 2732
101882 2741
101899 2748
101915 2752
101931 2763
101947 2761
101964 2786
101980 2772
101998 2769
102014 2777
102030 2791
102046 2793
102063 2808
102079 2808
102095 2816
102112 2822
102128 2818
102144 2820
102160 2832
102177 2840
102193 2842
102209 2843
102226 2859
102242 2859
102258 2861
102274 2866
102291 2874
102307 2874
102323 2882
102340 2887
102356 2882
102372 2897
102388 2886
102405 2912
102421 2906
102437 2906
102454 2916
102470 2917
102486 2917
102502 2925
102519 2919
102535 2946
102551 2931
102568 2946
102584 2939
102600 2937
102616 2951
102633 2953
102649 2957
102665 2956
102682 2959
102698 2961
102714 2966
102730 2949
102747 2960
102763 2970
102779 2970
102796 2975
102812 2975
102828 2980
102844 2975
102861 2969
102877 2987
102893 2985
102910 2990
102926 2990
102942 2988
102958 3001
102975 2993
102992 2991
103008 2989
103025 2992
103041 2990
103057 2990
103074 2994
103090 2993
103106 2984
103122 2992
103139 2980
103155 2998
103171 2975
103188 2986
103204 2995
103220 2987
103236 2993
103253 2988
103269 2988
103285 2989
103302 2960
103318 2987
103334 2983
103350 2980
103367 2981
103383 2979
103399 2976
103416 2970
103432 2954
103448 2968
103464 2967
103481 2968
103497 2951
103513 2958
103530 2950
103546 2952
103562 2947
103578 2958
103595 2950
103611 2949
103627 2942
103644 2938
103660 2935
103676 2930
103692 2924
103709 2923
103725 2918
103741 2912
103758 2913
103774 2909
103790 2901
103806 2901
103823 2893
103839 2895
103855 2889
103872 2879
103888 2875
103904 2870
103920 2862
103937 2867
103953 2847
103969 2868
103987 2855
104003 2846
104019 2845
104035 2836
104052 2832
104068 2822
104084 2820
104101 2808
104117 2818
104133 2805
104149 2800
104166 2794
104182 2794
104198 2784
104215 2784
104231 2774
104247 2754
104263 2749
104280 2756
104296 2752
104312 2746
104329 2758
104345 2737
104361 2731
104377 2719
104394 2715
104410 2713
104426 2710
104443 2700
104459 2697
104475 2691
104491 2683
104508 2685
104524 2674
104540 2665
104557 2691
104573 2656
104589 2652
104605 2642
104622 2633
104638 2637
104654 2625
104671 2617
104687 2611
104703 2606
104719 2616
104736 2601
104752 2586
104768 2589
104785 2582
104801 2578
104817 2569
104833 2543
104850 2562
104866 2556
104882 2549
104899 2546
104915 2542
104931 2533
104947 2531
104964 2529
104980 2501
104998 2511
105014 2513
105030 2502
105046 2500
105063 2493
105079 2497
105095 2490
105112 2488
105128 2479
105144 2467
105160 2470
105177 2465
105193 2466
105209 2456
105226 2453
105242 2449
105258 2449
105274 2444
105291 2437
105307 2427
105323 2428
105340 2425
105356 2424
105372 2402
105388 2414
105405 2343
105421 2403
105437 2406
105454 2398
105470 2409
105486 2400
105502 2395
105519 2392
105535 2396
105551 2388
105568 2383
105584 2392
105600 2379
105616 2380
105633 2378
105649 2379
105665 2371
105682 2372
105698 2372
105714 2367
105730 2394
105747 2366
105763 2359
105779 2359
105796 2354
105812 2359
105828 2363
105844 2359
105861 2356
105877 2363
105893 2377
105910 2359
105926 2361
105942 2361
105958 2360
105975 2360
105992 2364
106008 2362
106025 2365
106041 2372
106057 2367
106074 2365
106090 2371
106106 2369
106122 2354
106139 2369
106155 2373
106171 2413
106188 2376
106204 2374
106220 2387
106236 2370
106253 2379
106269 2379
106285 2385
106302 2409
106318 2393
106334 2401
106350 2400
106367 2401
106383 2404
106399 2409
106416 2410
106432 2420
106448 2413
106464 2418
106481 2426
106497 2428
106513 2423
106530 2432
106546 2428
106562 2438
106578 2444
106595 2446
106611 2457
106627 2453
106644 2480
106660 2455
106676 2484
106692 2477
106709 2484
106725 2487
106741 2490
106758 2496
106774 2496
106790 2501
106806 2502
106823 2513
106839 2522
106855 2525
106872 2533
106888 2545
106904 2548
106920 2543
106937 2507
106953 2556
106969 2562
106987 2534
107003 2586
107019 2590
107035 2593
107052 2595
107068 2600
107084 2606
107101 2609
107117 2617
107133 2624
107149 2633
107166 2633
107182 2642
107198 2620
107215 2645
107231 2660
107247 2665
107263 2662
107280 2673
107296 2671
107312 2685
107329 2699
107345 2698
107361 2710
107377 2708
107394 2720
107410 2726
107426 2729
107443 2737
107459 2744
107475 2748
107491 2761
107508 2763
107524 2767
107540 2775
107557 2778
107573 2785
107589 2791
107605 2794
107622 2802
107638 2799
107654 2808
107671 2814
107687 2815
107703 2828
107719 2831
107736 2846
107752 2843
107768 2849
107785 2859
107801 2861
107817 2866
107833 2899
107850 2875
107866 2877
107882 2882
107899 2887
107915 2891
107931 2901
107947 2901
107964 2918
107980 2912
107998 2916
108014 2915
108030 2923
108046 2922
108063 2932
108079 2934
108095 2958
108112 2949
108128 2950
108144 2951
108160 2952
108177 2949
108193 2965
108209 2962
108226 2969
108242 2970
108258 2970
108274 2974
108291 2976
108307 2974
108323 2984
108340 2986
108356 2983
108372 2990
108388 2981
108405 3007
108421 2994
108437 2992
108454 2996
108470 2995
108486 3005
108502 3006
108519 3006
108535 3013
108551 3006
108568 3007
108584 3011
108600 3005
108616 3009
108633 3005
108649 3008
108665 3010
108682 3007
108698 3005
108714 3010
108730 2971
108747 3005
108763 3007
108779 2984
108796 3002
108812 3000
108828 2999
108844 3001
108861 2999
108877 2995
108893 3002
108910 3003
108926 2998
108942 2985
108958 2994
108975 2994
108992 2995
109008 2991
109025 2986
109041 2989
109057 2978
109074 2978
109090 2972
109106 2973
109122 2967
109139 2959
109155 2962
109171 2968
109188 2953
109204 2957
109220 2947
109236 2957
109253 2949
109269 2942
109285 2941
109302 2938
109318 2938
109334 2930
109350 2925
109367 2921
109383 2918
109399 2913
109416 2907
109432 2897
109448 2897
109464 2898
109481 2891
109497 2887
109513 2882
109530 2861
109546 2873
109562 2841
109578 2861
109595 2857
109611 2854
109627 2856
109644 2845
109660 2841
109676 2839
109692 2829
109709 2828
109725 2817
109741 2817
109758 2813
109774 2802
109790 2798
109806 2743
109823 2787
109839 2782
109855 2776
109872 2769
109888 2767
109904 2763
109920 2746
109937 2732
109953 2741
109969 2736
109987 2745
110003 2729
110019 2718
110035 2711
110052 2711
110068 2704
110084 2700
110101 2690
110117 2687
110133 2678
110149 2674
110166 2671
110182 2665
110198 2656
110215 2655
110231 2645
110247 2643
110263 2636
110280 2616
110296 2624
110312 2619
110329 2612
110345 2603
110361 2598
110377 2605
110394 2597
110410 2590
110426 2581
110443 2579
110459 2569
110475 2569
110491 2560
110508 2555
110524 2547
110540 2544
110557 2541
110573 2535
110589 2531
110605 2526
110622 2519
110638 2515
110654 2507
110671 2507
110687 2504
110703 2499
110719 2494
110736 2489
110752 2482
110768 2478
110785 2478
110801 2474
110817 2482
110833 2424
110850 2461
110866 2458
110882 2453
110899 2453
110915 2443
110931 2463
110947 2441
110964 2432
110980 2432
110998 2429
111014 2427
111030 2421
111046 2422
111063 2414
111079 2415
111095 2412
111112 2406
111128 2406
111144 2406
111160 2402
111177 2400
111193 2396
111209 2392
111226 2392
111242 2383
111258 2395
111274 2375
111291 2388
111307 2385
111323 2383
111340 2385
111356 2375
111372 2388
111388 2384
111405 2385
111421 2369
111437 2376
111454 2379
111470 2381
111486 2378
111502 2382
111519 2378
111535 2400
111551 2383
111568 2379
111584 2390
111600 2383
111616 2381
111633 2384
111649 2384
111665 2387
111682 2388
111698 2391
111714 2390
111730 2389
111747 2393
111763 2393
111779 2388
111796 2398
111812 2395
111828 2397
111844 2397
111861 2404
111877 2406
111893 2421
111910 2413
111926 2417
111942 2421
111958 2420
111975 2428
111992 2428
112008 2431
112025 2432
112041 2440
112057 2438
112074 2441
112090 2438
112106 2447
112122 2456
112139 2459
112155 2459
112171 2482
112188 2465
112204 2468
112220 2470
112236 2480
112253 2493
112269 2493
112285 2498
112302 2506
112318 2505
112334 2511
112350 2515
112367 2521
112383 2524
112399 2532
112416 2539
112432 2543
112448 2544
112464 2551
112481 2556
112497 2560
112513 2566
112530 2572
112546 2566
112562 2577
112578 2585
112595 2585
112611 2599
112627 2602
112644 2616
112660 2620
112676 2627
112692 2632
112709 2637
112725 2643
112741 2649
112758 2652
112774 2659
112790 2664
112806 2640
112823 2671
112839 2681
112855 2681
112872 2699
112888 2679
112904 2709
112920 2713
112937 2703
112953 2725
112969 2715
112987 2735
113003 2748
113019 2750
113035 2758
113052 2763
113068 2761
113084 2773
113101 2778
113117 2792
113133 2791
113149 2797
113166 2804
113182 2809
113198 2814
113215 2817
113231 2827
113247 2831
113263 2832
113280 2839
113296 2830
113312 2845
113329 2852
113345 2856
113361 2867
113377 2870
113394 2886
113410 2881
113426 2887
113443 2888
113459 2909
113475 2902
113491 2905
113508 2902
113524 2914
113540 2904
113557 2924
113573 2915
113589 2929
113605 2934
113622 2937
113638 2940
113654 2948
113671 2949
113687 2940
113703 2954
113719 2948
113736 2959
113752 2960
113768 2967
113785 2977
113801 2976
113817 2982
113833 2983
113850 2983
113866 2983
113882 2993
113899 2992
113915 2993
113931 2996
113947 2998
113964 3002
113980 3004
113998 3004
114014 3007
114030 3009
114046 2991
114063 3005
114079 3012
114095 3009
114112 3014
114128 3008
114144 3023
114160 3018
114177 3019
114193 3017
114209 3020
114226 3019
114242 3017
114258 3019
114274 3030
114291 3020
114307 3020
114323 3020
114340 3021
114356 3015
114372 3016
114388 3016
114405 3010
114421 3013
114437 3007
114454 3011
114470 2999
114486 3004
114502 3007
114519 3003
114535 3006
114551 3002
114568 3003
114584 3001
114600 3000
114616 3000
114633 2992
114649 2993
114665 2989
114682 2984
114698 2985
114714 2985
114730 2959
114747 2978
114763 2973
114779 2959
114796 2975
114812 2963
114828 2961
114844 2954
114861 2949
114877 2948
114893 2941
114910 2941
114926 2943
114942 2938
114958 2932
114975 2927
114992 2923
115008 2918
115025 2912
115041 2924
115057 2905
115074 2903
115090 2889
115106 2891
115122 2883
115139 2884
115155 2868
115171 2907
115188 2872
115204 2865
115220 2851
115236 2853
115253 2850
115269 2840
115285 2844
115302 2850
115318 2838
115334 2822
115350 2812
115367 2811
115383 2804
115399 2803
115416 2798
115432 2787
115448 2786
115464 2779
115481 2774
115497 2771
115513 2762
115530 2756
115546 2753
115562 2750
115578 2729
115595 2733
115611 2720
115627 2723
115644 2714
115660 2715
115676 2707
115692 2705
115709 2694
115725 2688
115741 2685
115758 2674
115774 2669
115790 2667
115806 2784
115823 2654
115839 2652
115855 2643
115872 2637
115888 2631
115904 2622
115920 2623
115937 2624
115953 2592
115969 2598
115987 2599
116003 2591
116019 2582
116035 2587
116052 2580
116068 2577
116084 2562
116101 2564
116117 2556
116133 2552
116149 2545
116166 2548
116182 2529
116198 2545
116215 2527
116231 2521
116247 2519
116263 2511
116280 2506
116296 2504
116312 2499
116329 2486
116345 2486
116361 2478
116377 2510
116394 2474
116410 2479
116426 2468
116443 2467
116459 2464
116475 2451
116491 2445
116508 2447
116524 2449
116540 2438
116557 2445
116573 2435
116589 2434
116605 2380
116622 2431
116638 2426
116654 2417
116671 2419
116687 2416
116703 2400
116719 2407
116736 2403
116752 2408
116768 2402
116785 2395
116801 2412
116817 2400
116833 2385
116850 2398
116866 2386
116882 2389
116899 2385
116915 2393
116931 2385
116947 2381
116964 2383
116980 2382
116998 2384
117014 2381
117030 2383
117046 2382
117063 2371
117079 2377
117095 2375
117112 2373
117128 2382
117144 2385
117160 2390
117177 2382
117193 2384
117209 2389
117226 2381
117242 2389
117258 2389
117274 2409
117291 2390
117307 2388
117323 2389
117340 2389
117356 2395
117372 2392
117388 2398
117405 2380
117421 2402
117437 2402
117454 2378
117470 2404
117486 2398
117502 2406
117519 2412
117535 2424
117551 2421
117568 2423
117584 2428
117600 2426
117616 2427
117633 2434
117649 2434
117665 2440
117682 2444
117698 2446
117714 2447
117730 2417
117747 2453
117763 2469
117779 2458
117796 2464
117812 2475
117828 2475
117844 2472
117861 2484
117877 2484
117893 2492
117910 2496
117926 2499
117942 2510
117958 2508
117975 2526
117992 2527
118008 2523
118025 2536
118041 2532
118057 2543
118074 2548
118090 2546
118106 2556
118122 2562
118139 2570
118155 2575
118171 2566
118188 2585
118204 2580
118220 2593
118236 2592
118253 2599
118269 2614
118285 2614
118302 2630
118318 2634
118334 2634
118350 2639
118367 2644
118383 2663
118399 2656
118416 2658
118432 2693
118448 2671
118464 2689
118481 2690
118497 2699
118513 2702
118530 2701
118546 2711
118562 2735
118578 2721
118595 2726
118611 2729
118627 2735
118644 2746
118660 2748
118676 2754
118692 2765
118709 2769
118725 2777
118741 2784
118758 2778
118774 2793
118790 2798
118806 2836
118823 2808
118839 2815
118855 2818
118872 2825
118888 2828
118904 2833
118920 2840
118937 2845
118953 2830
118969 2855
118987 2856
119003 2863
119019 2869
119035 2872
119052 2883
119068 2849
119084 2896
119101 2896
119117 2903
119133 2912
119149 2901
119166 2917
119182 2910
119198 2920
119215 2924
119231 2929
119247 2932
119263 2933
119280 2937
119296 2940
119312 2945
119329 2945
119345 2955
119361 2953
119377 2955
119394 2952
119410 2960
119426 2963
119443 2972
119459 2975
119475 2975
119491 2975
119508 2982
119524 2983
119540 2985
119557 2984
119573 2984
119589 2985
119605 2993
119622 2993
119638 2990
119654 3002
119671 2994
119687 2981
119703 2999
119719 2999
119736 2997
119752 3000
119768 2993
119785 3001
119801 2998
119817 3012
119833 3006
119850 3003
119866 3009
119882 3003
119899 3004
119915 3002
119931 2999
119947 3000
119964 3003
119980 3000
119998 2998
120014 2998
120030 3003
120046 2995
120063 2994
120079 2989
120095 2983
120112 2987
120128 2980
120144 2857
120160 2979
120177 2989
120193 2983
120209 2979
120226 2982
120242 2973
120258 2973
120274 2953
120291 2963
120307 2963
120323 2960
120340 2955
120356 2956
120372 2954
120388 2948
120405 2970
120421 2937
120437 2941
120454 2935
120470 2920
120486 2920
120502 2916
120519 2914
120535 2928
120551 2907
120568 2919
120584 2904
120600 2901
120616 2895
120633 2892
120649 2887
120665 2882
120682 2877
120698 2873
120714 2864
120730 2868
120747 2857
120763 2852
120779 2846
120796 2845
120812 2837
120828 2836
120844 2828
120861 2809
120877 2818
120893 2799
120910 2804
120926 2799
120942 2791
120958 2796
120975 2786
120992 2784
121008 2777
121025 2771
121041 2757
121057 2757
121074 2752
121090 2738
121106 2742
121122 2751
121139 2730
121155 2725
121171 2721
121188 2711
121204 2708
121220 2689
121236 2691
121253 2683
121269 2678
121285 2680
121302 2684
121318 2672
121334 2658
121350 2650
121367 2648
121383 2643
121399 2640
121416 2631
121432 2634
121448 2621
121464 2614
121481 2609
121497 2609
121513 2604
121530 2592
121546 2586
121562 2572
121578 2579
121595 2570
121611 2551
121627 2557
121644 2543
121660 2543
121676 2545
121692 2541
121709 2538
121725 2533
121741 2525
121758 2520
121774 2516
121790 2522
121806 2521
121823 2499
121839 2505
121855 2490
121872 2486
121888 2491
121904 2494
121920 2474
121937 2487
121953 2464
121969 2460
121987 2461
122003 2436
122019 2442
122035 2445
122052 2436
122068 2430
122084 2436
122101 2432
122117 2433
122133 2427
122149 2419
122166 2420
122182 2411
122198 2409
122215 2409
122231 2402
122247 2407
122263 2398
122280 2396
122296 2394
122312 2387
122329 2383
122345 2385
122361 2375
122377 2385
122394 2369
122410 2374
122426 2375
122443 2370
122459 2381
122475 2370
122491 2371
122508 2329
122524 2377
122540 2369
122557 2360
122573 2366
122589 2365
122605 2362
122622 2364
122638 2362
122654 2361
122671 2375
122687 2359
122703 2361
122719 2360
122736 2361
122752 2358
122768 2359
122785 2362
122801 2363
122817 2361
122833 2366
122850 2372
122866 2370
122882 2375
122899 2372
122915 2375
122931 2373
122947 2376
122964 2373
122980 2377
122998 2378
123014 2382
123030 2380
123046 2387
123063 2394
123079 2392
123095 2392
123112 2402
123128 2396
123144 2381
123160 2404
123177 2404
123193 2406
123209 2420
123226 2413
123242 2427
123258 2421
123274 2434
123291 2423
123307 2438
123323 2430
123340 2436
123356 2446
123372 2449
123388 2454
123405 2450
123421 2461
123437 2465
123454 2468
123470 2477
123486 2481
123502 2482
123519 2485
123535 2494
123551 2499
123568 2501
123584 2510
123600 2515
123616 2529
123633 2523
123649 2529
123665 2537
123682 2541
123698 2545
123714 2550
123730 2555
123747 2561
123763 2569
123779 2571
123796 2571
123812 2584
123828 2588
123844 2594
123861 2603
123877 2589
123893 2604
123910 2617
123926 2619
123942 2627
123958 2633
123975 2655
123992 2656
124008 2650
124025 2659
124041 2650
124057 2674
124074 2674
124090 2683
124106 2688
124122 2693
124139 2704
124155 2704
124171 2681
124188 2717
124204 2721
124220 2730
124236 2718
124253 2741
124269 2743
124285 2748
124302 2759
124318 2753
124334 2777
124350 2778
124367 2783
124383 2789
124399 2791
124416 2801
124432 2783
124448 2800
124464 2815
124481 2820
124497 2825
124513 2828
124530 2833
124546 2831
124562 2843
124578 2849
124595 2852
124611 2851
124627 2850
124644 2866
124660 2868
124676 2876
124692 2878
124709 2883
124725 2897
124741 2899
124758 2904
124774 2905
124790 2910
124806 2911
124823 2918
124839 2921
124855 2920
124872 2928
124888 2929
124904 2936
124920 2939
124937 2940
124953 2946
124969 2947
124987 2933
125003 2950
125019 2953
125035 2956
125052 2962
125068 2928
125084 2974
125101 2973
125117 2980
125133 2969
125149 2978
125166 2980
125182 2981
125198 2980
125215 2984
125231 2986
125247 2987
125263 2990
125280 2990
125296 2987
125312 2991
125329 2991
125345 2993
125361 2995
125377 2988
125394 2991
125410 2988
125426 2987
125443 2994
125459 2993
125475 2999
125491 3000
125508 2998
125524 2995
125540 2992
125557 2983
125573 2993
125589 2994
125605 2995
125622 2991
125638 2972
125654 2986
125671 2985
125687 2985
125703 2984
125719 2979
125736 2978
125752 2981
125768 2968
125785 2971
125801 2970
125817 2967
125833 2963
125850 2962
125866 2975
125882 2965
125899 2965
125915 2951
125931 2956
125947 2954
125964 2937
125980 2945
125998 2939
126014 2944
126030 2935
126046 2928
126063 2925
126079 2922
126095 2918
126112 2914
126128 2901
126144 2948
126160 2898
126177 2898
126193 2896
126209 2888
126226 2894
126242 2884
126258 2882
126274 2881
126291 2865
126307 2871
126323 2848
126340 2858
126356 2851
126372 2848
126388 2853
126405 2872
126421 2834
126437 2827
126454 2821
126470 2815
126486 2811
126502 2803
126519 2796
126535 2808
126551 2780
126568 2785
126584 2778
126600 2772
126616 2774
126633 2767
126649 2765
126665 2761
126682 2754
126698 2744
126714 2736
126730 2755
126747 2728
126763 2719
126779 2716
126796 2710
126812 2695
126828 2700
126844 2690
126861 2686
126877 2682
126893 2672
126910 2666
126926 2659
126942 2652
126958 2642
126975 2644
126992 2642
127008 2637
127025 2631
127041 2606
127057 2621
127074 2613
127090 2608
127106 2601
127122 2596
127139 2589
127155 2574
127171 2578
127188 2573
127204 2568
127220 2564
127236 2563
127253 2555
127269 2547
127285 2542
127302 2542
127318 2534
127334 2526
127350 2525
127367 2519
127383 2515
127399 2510
127416 2504
127432 2582
127448 2495
127464 2491
127481 2486
127497 2484
127513 2476
127530 2474
127546 2475
127562 2472
127578 2463
127595 2457
127611 2448
127627 2450
127644 2445
127660 2452
127676 2440
127692 2439
127709 2435
127725 2428
127741 2427
127758 2419
127774 2413
127790 2415
127806 2402
127823 2409
127839 2408
127855 2404
127872 2404
127888 2402
127904 2398
127920 2383
127937 2407
127953 2389
127969 2388
127987 2387
128003 2377
128019 2377
128035 2382
128052 2379
128068 2375
128084 2376
128101 2381
128117 2375
128133 2372
128149 2379
128166 2376
128182 2374
128198 2375
128215 2370
128231 2375
128247 2374
128263 2371
128280 2374
128296 2372
128312 2372
128329 2374
128345 2384
128361 2373
128377 2380
128394 2363
128410 2372
128426 2374
128443 2378
128459 2376
128475 2377
128491 2387
128508 2387
128524 2389
128540 2388
128557 2387
128573 2388
128589 2392
128605 2392
128622 2393
128638 2384
128654 2398
128671 2402
128687 2404
128703 2409
128719 2413
128736 2412
128752 2421
128768 2420
128785 2406
128801 2423
128817 2422
128833 2425
128850 2432
128866 2433
128882 2444
128899 2448
128915 2453
128931 2450
128947 2456
128964 2463
128980 2467
128998 2472
129014 2474
129030 2478
129046 2486
129063 2489
129079 2495
129095 2498
129112 2504
129128 2508
129144 2503
129160 2517
129177 2511
129193 2500
129209 2530
129226 2535
129242 2546
129258 2545
129274 2559
129291 2563
129307 2565
129323 2562
129340 2584
129356 2589
129372 2589
129388 2592
129405 2563
129421 2604
129437 2607
129454 2615
129470 2621
129486 2627
129502 2632
129519 2639
129535 2646
129551 2650
129568 2644
129584 2647
129600 2667
129616 2671
129633 2682
129649 2692
129665 2695
129682 2697
129698 2708
129714 2709
129730 2720
129747 2724
129763 2729
129779 2736
129796 2740
129812 2749
129828 2750
129844 2767
129861 2765
129877 2768
129893 2777
129910 2780
129926 2779
129942 2792
129958 2793
129975 2798
129992 2810
130008 2813
130025 2823
130041 2823
130057 2831
130074 2835
130090 2842
130106 2846
130122 2849
130139 2856
130155 2863
130171 2842
130188 2873
130204 2870
130220 2882
130236 2889
130253 2891
130269 2896
130285 2889
130302 2901
130318 2899
130334 2910
130350 2919
130367 2920
130383 2932
130399 2931
130416 2950
130432 2936
130448 2944
130464 2947
130481 2950
130497 2952
130513 2956
130530 2950
130546 2962
130562 2971
130578 2967
130595 2975
130611 2969
130627 2976
130644 2981
130660 2975
130676 2976
130692 2983
130709 2983
130725 2990
130741 2991
130758 3004
130774 3000
130790 3003
130806 2971
130823 3002
130839 3004
130855 3006
130872 3007
130888 3007
130904 3007
130920 3010
130937 3005
130953 3002
130969 3011
130987 3010
131003 3014
131019 3014
131035 3006
131052 3011
131068 3002
131084 3011
131101 3012
131117 3012
131133 3015
131149 3013
131166 3011
131182 3006
131198 3006
131215 3008
131231 3013
131247 3004
131263 3006
131280 3001
131296 3005
131312 3004
131329 2999
131345 2998
131361 2990
131377 2994
131394 2990
131410 2985
131426 2972
131443 2979
131459 2978
131475 2976
131491 2976
131508 3031
131524 2974
131540 2970
131557 2967
131573 2961
131589 2964
131605 2955
131622 2951
131638 2968
131654 2946
131671 2939
131687 2940
131703 2933
131719 2926
131736 2927
131752 2920
131768 2916
131785 2910
131801 2910
131817 2901
131833 2901
131850 2889
131866 2891
131882 2890
131899 2895
131915 2883
131931 2873
131947 2877
131964 2864
131980 2860
131998 2855
132014 2875
132030 2841
132046 2840
132063 2836
132079 2823
132095 2824
132112 2816
132128 2812
132144 2821
132160 2782
132177 2796
132193 2788
132209 2781
132226 2783
132242 2774
132258 2775
132274 2765
132291 2759
132307 2757
132323 2743
132340 2747
132356 2736
132372 2731
132388 2727
132405 2730
132421 2712
132437 2712
132454 2699
132470 2697
132486 2695
132502 2682
132519 2680
132535 2676
132551 2656
132568 2660
132584 2647
132600 2647
132616 2647
132633 2637
132649 2635
132665 2633
132682 2625
132698 2613
132714 2615
132730 2612
132747 2605
132763 2596
132779 2603
132796 2590
132812 2582
132828 2580
132844 2572
132861 2565
132877 2556
132893 2556
132910 2553
132926 2546
132942 2533
132958 2533
132975 2527
132992 2523
133008 2524
133025 2520
133041 2501
133057 2525
133074 2496
133090 2503
133106 2488
133122 2499
133139 2479
133155 2481
133171 2472
133188 2478
133204 2469
133220 2465
133236 2462
133253 2454
133269 2455
133285 2447
133302 2429
133318 2441
133334 2442
133350 2436
133367 2432
133383 2427
133399 2430
133416 2426
133432 2424
133448 2423
133464 2418
133481 2416
133497 2407
133513 2413
133530 2402
133546 2407
133562 2397
133578 2401
133595 2398
133611 2401
133627 2397
133644 2395
133660 2396
133676 2394
133692 2383
133709 2390
133725 2390
133741 2385
133758 2385
133774 2384
133790 2390
133806 2391
133823 2387
133839 2386
133855 2387
133872 2388
133888 2385
133904 2389
133920 2385
133937 2393
133953 2387
133969 2389
133987 2386
134003 2388
134019 2391
134035 2392
134052 2379
134068 2394
